 T n_h1/n_h Pressure_Initial Pressure_Calc
   1212.34549175262787721970501671762723           2.24861916633932637209942498031783902E-0026           100     100.049205173762213407795667480816943      
   1333.58004092789066494166359504570589           8.96333962229742578033891072559966970E-0024           110     110.054125691138434748575234228898633      
   1454.81459010315345266171907467282693           1.32455236198077200311028733662928865E-0021           120     120.059046208514656089354800976980324      
   1576.04913927841624024188767833148497           9.11956837250510070603431968089039696E-0020           130     130.063966725890877430134367725062002      
   1697.28368845367902226147092173145624           3.44439540638301241190110418174193988E-0018           140     140.068887243267098770913934473143717      
   1818.51823762894166953216330675389566           8.04486813670687244064954327088395619E-0017           150     150.073807760643320111693501221225383      
   1939.75278680420213763325210647068471           1.27125389005192029442627486163884234E-0015           160     160.078728278019541452473067969307123      
   2060.98733597943738623659530231477515           1.45585741258391755998746638343177323E-0014           170     170.083648795395762793252634717388789      
   2182.22188515445200578854778300699108           1.27472466853024790561523990179682629E-0013           180     180.088569312771984134032201465470652      
   2303.45643432794247690181225192245630           8.90179551507594933785415495851667393E-0013           190     190.093489830148205474811768213560798      
   2424.69098349282072927017361102356686           5.12849895260613766105010246099279535E-0012           200     200.098410347524426815591334961414015      
   2545.92553261673704677266611082894143           2.50523805867797669033984482642334618E-0011           210     210.103330864900648156370901702440208      
   2667.16008157274734793848467948142794           1.06118108133190656657819566247935188E-0010           220     220.108251382276869497150468319965345      
   2788.39462992388101053728815270645007           3.97061124414178532651148291556984577E-0010           230     230.113171899653090837930033251344029      
   2909.62917632839912766937247114224578           1.33278419435956130227767879656092044E-0009           240     240.118092417029312178709579842154740      
   3030.86371705905017204754059799659757           4.06567918301476138482247723906994033E-0009           250     250.123012934405533519489168699417552      
   3152.09824263588107248386288576041117           1.13958857380819357665589220847486170E-0008           260     260.127933451781754860268735299787133      
   3273.33273075692785637917358451695517           2.96258203453974632359735342188518354E-0008           270     270.132853969157976201048295808654846      
   3394.56713246837561597072925344324766           7.20088815160651941741974885945867366E-0008           280     280.137774486534197541827660873698849      
   3515.80134675305682533348121199117957           1.64778810541622618402004436171856702E-0007           290     290.142695003910418882602099191461748      
   3637.03517637513936397762135057698176           3.57126802815862519553657168000698392E-0007           300     300.147615521286640223276606911549159      
   3758.26825489430348710109304955898492           7.36918882606517655189475188392073667E-0007           310     310.152536038662861562285885374827253      
   3879.49993131624117541147387006596617           1.45438645906021260460554028398419822E-0006           320     320.157456556039082878077991161064226      
   4000.72909501364322608411177444206735           2.75644008051241056591079628483062216E-0006           330     330.162377073415304163966209829927490      
   4121.95391954460464651771591197182017           5.03460609584547725861443421327590105E-0006           340     340.167297590791525371543016648208191      
   4243.17150010129409069507603013018180           8.88982048040412806394310432967762087E-0006           350     350.172218108167745938389950481966595      
   4364.37735590866992244247503112725979           1.52173827729393490353569668863583943E-0005           360     360.177138625543966257027817475063262      
   4485.56476642317003730351989341504410           2.53152205945224023744528427428261224E-0005           370     370.182059142920182304869402933140021      
   4606.72390924029814415293857421779375           4.10181776486809851960205432069154663E-0005           380     380.186979660296399017026170772211437      
   4727.84076896227563499335742473758340           6.48602370421973105206812163710733255E-0005           390     390.191900177672596923620118147817484      
   4848.89579088129763281544699673451380           1.00265328474785357013050463308193842E-0004           400     400.196820695048758015034183591133175      
   4969.86226245307802251871359766565508           1.51765520423318540358353080265450463E-0004           410     410.201741212424838010258403895023467      
   5090.70442070584644410642051817868071           2.25242827008429161508534083018817658E-0004           420     420.206661729800755965133056172644040      
   5211.37530668942074199046598677538043           3.28187425816362309119135219826319069E-0004           430     430.211582247176380998625755625444185      
   5331.81442050417429558079997080170259           4.69960694379280499845987144271694184E-0004           440     440.216502764551530503922755919349323      
   5451.94527348382850047384859277557220           6.62046154517334447198987087229136265E-0004           450     450.221423281925997379812723408765598      
   5571.67298744610964717131475706800282           9.18265416406695097934757542843249058E-0004           460     460.226343799299624931929739299952875      
   5690.88215166302933857804002001846746           1.25493014681187486749034052356468035E-0003           470     470.231264316662091833328064248016433      
   5809.43520943348295008478888602823986           1.69089603802372422502986414066982130E-0003           480     480.236184834030214215865775717305069      
   5927.17169585600070615340662020155922           2.24748234318089411834462339514199916E-0003           490     490.241105351398701762657536337415834      
   6043.90866948627063187852706138826604           2.94822278929901721121747475705777785E-0003           500     500.246025868724627579112594460542540      
   6159.44265295241351570915262085092617           3.81842259257461058138593690031623596E-0003           510     510.250946385998514512460546043782263      
   6273.55330346346696186437957868356322           4.88451315638903785387936869118275263E-0003           520     520.255866903388326180967468148407427      
   6386.00886588322016634757303078894382           6.17322043077256323914157955414200164E-0003           530     530.260787420630874876589359852175822      
   6496.57322995071377152907388154918284           7.71059198973258842420525030152336694E-0003           540     540.265707937828423926370876836548814      
   6605.01415437773737702241047158661057           9.52095616808658475314684053992988201E-0003           550     550.270628455007706119315947007851043      
   6711.11198953102810283928079254616085           1.16259070620655350579772741114710292E-0002           560     560.275548972219494471408200765121781      
   6814.66808873577602063047354716742439           1.40434153184127618081923631916273454E-0002           570     570.280469488220372042893226425710568      
   6915.51209231768082430219932951115734           1.67871530367280440974731988876639167E-0002           580     580.285390005635517830382395104390808      
   7013.50740948783509673764286253672410           1.98660931911715046205977321987478084E-0002           590     590.290310520343563187190034818173632      
   7108.55448118769681371403101073645011           2.32844060942024118175922320202340235E-0002           600     600.295231038832095693996049470958689      
   7200.59171804270663618079236890584174           2.70416361858318282782267549267348027E-0002           610     610.300151552827666472867284756041713      
   7289.59430195018091210324256816932539           3.11331107691133820473316547482631357E-0002           620     620.305072073067482197419611221104174      
   7375.57125682636723636090776157113330           3.55505129026390484157331384094512959E-0002           630     630.309992587683254827123576604921561      
   7458.56131030209244168535773859370357           4.02825456920476551468581528816149009E-0002           640     640.314913100892427113833726764375890      
   7538.62808139091619475650059528582911           4.53156212380500623049730806863353046E-0002           650     650.319833612097148278791032862912366      
   7615.85506888341188797020950196941177           5.06345213868478768273289422391215573E-0002           660     660.324754120470272582137703643543095      
   7690.34081029945826269980791607214095           5.62229938351291017219545952057764371E-0002           670     670.329674624954457062857717552637043      
   7762.19446433022841293146017724429069           6.20642630984420843286741803849149963E-0002           680     680.334595170674925153502395486624725      
   7831.53196021246352899788438086329276           6.81414486248504509286045868846107010E-0002           690     690.339515685757127374290804541854464      
   7898.47277297605548734989736999462307           7.44378927450148485678987904604362762E-0002           700     700.344436202460674491060881346401616      
   7963.13731515207970459496233430877966           8.09374056840409677774083232892381065E-0002           710     710.349356659654350803829963072060433      
   8025.64490156835932532895395206572823           8.76244398849829503537329430097051542E-0002           720     720.354277264715774067272239302011892      
   8086.11221331761518262546936891161901           9.44842041892472101088980734508343085E-0002           730     730.359197849644230973977259806715622      
   8144.65219095414217022399461721535179          0.101502731947711838459263247176037487                 740     740.364118296606476783474839053295537      
   8201.37327647003849004339474771803366          0.108666912445965384661188063698249226                 750     750.369038811153831981996626320740617      
   8256.37893195309781774775184860176799          0.115964494015046822548371270364642289                 760     760.373959310158290131469034941084941      
   8309.76737922424610018745796895383830          0.123384068426251754649934999676686105                 770     770.378879809369936564114565403806924      
   8361.63150408991551460707142472028826          0.130915041105865901899193552287740273                 780     780.383800395737506683559103133521108      
   8412.05888285257551956805067844150910          0.138547591953673517488330183721568422                 790     790.388720839591580499546541645088263      
   8461.13190097559989753337486716692895          0.146272632056973972818875256593587381                 800     800.393641414154296848685473269154289      
   8508.92792900535645396664709648715990          0.154081755888031531763915571376827876                 810     810.398562058901930737790105691935107      
   8555.51954156425865365417702608762334          0.161967193571414198482574611542044864                 820     820.403482332856299212099333208510876      
   8600.97476516152554766673517919820137          0.169921765496484405600300613262610811                 830     830.408403000131993480813624541308851      
   8645.35732890519087425271696599024390          0.177938834208403657837360396087116509                 840     840.413323674464286193580031378440922      
   8688.72692792627054364486950026431508          0.186012262079735298927590403168293670                 850     850.418243852003153965667843690379633      
   8731.13948468254258928089134059822745          0.194136371682632329656426318454917142                 860     860.423164149496545161081166920983573      
   8772.64739787673079243308090768097361          0.202305906305892705832617914131794825                 870     870.428085189849923736123121182114959      
   8813.29978057294024188580561508057867          0.210515992560565891523711012241736235                 880     880.433005874966575481293106261610968      
   8853.14269651279574961244345057749227          0.218762110250466207903313944004748869                 890     890.437925926991119481448250084128773      
   8892.21938014141431679007619677425494          0.227040063327489192823067523973128738                 900     900.442847022452887128920769277662245      
   8930.57042814370027248383386216694191          0.235345945862483595450246608753401066                 910     910.447766891245582125054334171136344      
   8968.23400948136298019837895324334146          0.243676125706335528775542881336377139                 920     920.452687863964342397532878017721830      
   9005.24602408580550319905989098989397          0.252027211668138511143102916472733929                 930     930.457607837242985910202564221545360      
   9041.64028704898923686575824896940149          0.260396041410203277675170302053309163                 940     940.462528895536047051755110549247434      
   9077.44866462842357972917254849681954          0.268779653220504100874295329578612447                 950     950.467448918367412306036045215610754      
   9112.70123240362853620387422791573574          0.277175276273367368073089354707744944                 960     960.472369112435612520666929784504856      
   9147.42639985399624696645344241962294          0.285580310938482029735410266984139317                 970     970.477290632012363505415385055491776      
   9181.65102374817698857023049765103179          0.293992309682596297554861357515873571                 980     980.482210351619229963228370543740328      
   9215.40054203470043522819526143936836          0.302408974725433711886384082343061099                 990     990.487131491308948901898257802860096      
   9248.69905501177583630315447642304416          0.310828133953676416490929648943784666                1000     1000.49205225373038175473679621444158      
   9281.56943354885760983774788438665740          0.319247736044738587433636655035870794                1010     1010.49697187949456096392153044664389      
   9314.03341058762869051492651261899081          0.327665841737082499897606404976501679                1020     1020.50189212523813513918178714142997      
   9346.11165623724309984485289170050735          0.336080610820069477898494028132927772                1030     1030.50681373587938811300208449132189      
   9377.82385001397106951271220265006449          0.344490291607186369040789879725700123                1040     1040.51173451014220333870270520524053      
   9409.18875981916338462798736846885190          0.352893217765084493419310858522327879                1050     1050.51665386469028751962212087270996      
   9440.22430932821148501859201441857077          0.361287802430603588152222143701560851                1060     1060.52157417503424316237234644696126      
   9470.94762866583519353933784220156195          0.369672526485065089525791579372941449                1070     1070.52649577265410554369897170819613      
   9501.37510936159558555571217236126302          0.378045931976710951510835122622556679                1080     1080.53141643055367226522155659637556      
   9531.52246691697185825837235111941093          0.386406622297827977959255505075012269                1090     1090.53633710459869767931218152083842      
   9561.40478112080922037810882932763933          0.394753252806677524043722392829948582                1100     1100.54125778538204663999228931068803      
   9591.03653982171213428473974090824396          0.403084525512958939171604279458165226                1110     1110.54617695003355818344317144377063      
   9620.43169137966232772627246115681535          0.411399190451821879972287453181392450                1120     1120.55109739989132653944854954552982      
   9649.60366796279864858769150197158490          0.419696033220120074234259686189599853                1130     1130.55601786507326720612069304500283      
   9678.56543167910784213965159059778362          0.427973876491396390369791517505378366                1140     1140.56093835126087701975652236150202      
   9707.32950606135234942884703975939822          0.436231575197078584590281196015581047                1150     1150.56585886218949149680903712866877      
   9735.90800773416279359188439383766531          0.444468013223504457672385605666400469                1160     1160.57077939901989643394338535178625      
   9764.31267607882188227945175944859805          0.452682100329868500642806136460737261                1170     1170.57569996012674362913535134162863      
   9792.55490395925566611764482430874233          0.460872770795587352283946930691719327                1180     1180.58062212601811269245533212988421      
   9820.64575182850643886793095508524860          0.469038974369092707551808071910448668                1190     1190.58554247984556706103945467423972      
   9848.59599099704366601558345674727445          0.477179683604002775174034829319018370                1200     1200.59046281905488487415919044913167      
   9876.41611400250801811495780081001852          0.485293884705676603597268385558868359                1210     1210.59538315789596636248972229195885      
   9904.11635749529277753165886251921294          0.493380575857857660853013229450083162                1220     1220.60030228948692484161500527560235      
   9931.70673569420266204707600711559503          0.501438771704281476406997069125056800                1230     1230.60522476048777797700853545555980      
   9959.19703035659653291234064816212593          0.509467486086508150251627059125777413                1240     1240.61014474223204487007524549619066      
   9986.59684505740612462586147863779644          0.517465748556303691078212754067476877                1250     1250.61506550612837959829150847878045      
   10013.9155988448794841514272750321331          0.525432590242223889343822867985242926                1260     1260.61998637197890346911818586716440      
   10041.1625496681518965597421252500241          0.533367045592892148108556152246089443                1270     1270.62490635413121920654037536602617      
   10068.3468157566332911367239619620550          0.541268153430413338300272070188342253                1280     1280.62982708114645885206512475587908      
   10095.4773813450972377382386447075170          0.549134950632295965938410605624552951                1290     1290.63474766173928408868591205127348      
   10122.5631176288174093324203084201787          0.556966473839118040869065414895467911                1300     1300.63966814063301772875705989233987      
   10149.6127949609351792830664049684017          0.564761757149421382361142293567607181                1310     1310.64458855779137350436434176031194      
   10176.6350962091636752926059779509845          0.572519830744017788726313240745765956                1320     1320.64950894559289996176395217671479      
   10203.6386262671056498081475424779873          0.580239718008469008673658663812418190                1330     1330.65442758328362229716484175162452      
   10230.6319384137214419716874429850464          0.587920440871408508895102327954419283                1340     1340.65934838381357900426459111008848      
   10257.6235239074641254871682751353068          0.595561008069901407792316021934673104                1350     1350.66426914819106097611260348020776      
   10284.6218425012653878915867021045507          0.603160422943882671812584589424109752                1360     1360.66919160158101263635427432845628      
   10311.6353149351032433639664096897897          0.610717673793318011965993794039149137                1370     1370.67411174427677749270756637045645      
   10338.6723569675955830451192852408140          0.618231743455439284330230290858807676                1380     1380.67903197922389657208943719035514      
   10365.7413699627657614780091751226181          0.625701599312601068076394997884652425                1390     1390.68395091242500461245790332909451      
   10392.8507673117693933953544839895235          0.633126199610908125213332983007729080                1400     1400.68887178950080081634914954972287      
   10420.0089674933188855494279968428105          0.640504485214853784549106604989210361                1410     1410.69379405916563017564660295000393      
   10447.2244046240563838749752126454753          0.647835379463197752304126702058129706                1420     1420.69871414772476501449425667776773      
   10474.5055520496875150237503112756486          0.655117793540115794890442348685473513                1430     1430.70363280217813624212344254068605      
   10501.8609286572163458579964322065096          0.662350624466391682028318013069600065                1440     1440.70855380687378930365765912045849      
   10529.2990914444252431670835662728899          0.669532747870928165939435292771499698                1450     1450.71347624760933645406007781136120      
   10556.8286466235711944568108720445427          0.676663018836163566578654607853866978                1460     1460.71839622977800270271881222578512      
   10584.4582735585551136060296274326881          0.683740277771553617407322519179621739                1470     1470.72331480150991949177057670006889      
   10612.1967280581399908166872556052215          0.690763348014392609808696626264000155                1480     1480.72823589332844443476721876730205      
   10640.0528289628344974670506081452085          0.697731027581619711177596463668495470                1490     1490.73315673614877153051635350695397      
   10668.0354863620243979120810963961769          0.704642097178775763144872870847815769                1500     1500.73807826336318957579260295218321      
   10696.1536933659440868911130226035738          0.711495314505117335426790013662687150                1510     1510.74299845042302703975983853303962      
   10724.4165438106745078587069824525654          0.718289418514572037708940310439956777                1520     1520.74791800842738401878586829458229      
   10752.8332340932971201384833102005298          0.725023127985714081469285084309743703                1530     1530.75283885892520485583675834768100      
   10781.4130589877539965734410497936030          0.731695138495948576037110323220479504                1540     1540.75776028459189435782870464218121      
   10810.1654185564150797336860377983677          0.738304123747907159319037544164197959                1550     1550.76268046630024600433226866959978      
   10839.0998294482706747503125685304652          0.744848738532829907929841287240139969                1560     1560.76760012502744692424420646404423      
   10868.2259239072068858473571763715471          0.751327617846017628694301061786088326                1570     1570.77252098152110688456205408139844      
   10897.5534432019252561344062657299977          0.757739374836846268941364015098815328                1580     1580.77744230771715056496574968502680      
   10927.0922415442444537577161291519061          0.764082602710290315459500621608671236                1590     1590.78236248167699772186413033008914      
   10956.8522934019941420470234115639969          0.770355877962218049529081338843049637                1600     1600.78728224757562142374824157616755      
   10986.8436883613425438298837452628872          0.776557760226617702386590078334755708                1610     1610.79220311088855990955944475205131      
   11017.0766209440074025209420519704421          0.782686791422043244780516647487181296                1620     1620.79712429763081399796891884350532      
   11047.5613905637129409805977424531900          0.788741498571648120886367390247951026                1630     1630.80204447685746805591656470159250      
   11078.3084029211711277797172714355562          0.794720397461269433658715319894777247                1640     1640.80696446563635733788854143060823      
   11109.3281583737250717301621716955104          0.800621993311064565903109163196918265                1650     1650.81188528119033999752481969061663      
   11140.6312379744247770992227813796704          0.806444781768120546289244824654011941                1660     1660.81680607823818487807528077352593      
   11172.2282981380226887171030321378137          0.812187252970408809564854841614251765                1670     1670.82172614535042780755858773230698      
   11204.1300641297778540726824335036146          0.817847895891281658680397964561905927                1680     1680.82664699565821135202647867282315      
   11236.3473002521318734943662363468745          0.823425197894207775882506945279210932                1690     1690.83156652474916903631540032518459      
   11268.8908175840249397887137542883901          0.828917654139973884719724452339237586                1700     1700.83648787643278944163590928632719      
   11301.7714254823627852226534457728209          0.834323764699746468485443857535951520                1710     1710.84140847107729140484752683971206      
   11334.9999349614076020604391730954736          0.839642044625238332363981082548577174                1720     1720.84632882647748892490503761454107      
   11368.5871270448620658085537502725067          0.844871026810310239423317608674508313                1730     1730.85124943455889527382323433662867      
   11402.5437232742736101961400023438842          0.850009266496994296123947482553865523                1740     1740.85616946219294020658027879583190      
   11436.8803683042423796764094184228256          0.855055349087767443516049837847748727                1750     1750.86109041116444634242607289942101      
   11471.6075827882521104266857858771112          0.860007892951724793306498483121447400                1760     1760.86601056180491066776009286083909      
   11506.7357496333105589797693884516889          0.864865559573054183766149004458183739                1770     1770.87093145821354120877613709204058      
   11542.2750597486130680563339946083729          0.869627056833582673951650380378489240                1780     1780.87585175665094032474437346039486      
   11578.2354903767175392887106617276533          0.874291149057245800299634333134796121                1790     1790.88077252299243844621823572751694      
   11614.6267514242284903210125352438967          0.878856662035637927727001256800036868                1800     1800.88569291508914424674998866177089      
   11651.4582526851119699387261484773464          0.883322492276416132616438653508196492                1810     1810.89061318121933332564427540222330      
   11688.7390579756397100315152828398130          0.887687614450573126698506057862609142                1820     1820.89553402939585186228334970044536      
   11726.4778321532181370997203367118745          0.891951088246077198135498817429200766                1830     1830.90045441268853714355680181096189      
   11764.6828049990975312715962103944544          0.896112067953049885059975166783275752                1840     1840.90537469796082367575592498894758      
   11803.3617202932188369338447555340617          0.900169809838754164077500475412817426                1850     1850.91029555648078608271469180894669      
   11842.5217810312280446370894674102568          0.904123679073353054595115359028613928                1860     1860.91521595177241450709874409534854      
   11882.1696130356677305718629322950588          0.907973158807261333907553161892238145                1870     1870.92013627839586437842630860306090      
   11922.3112141970658555834198706421678          0.911717856839877622080960156825947813                1880     1880.92505710443941852497507513871960      
   11962.9519032867055684938085795167856          0.915357511773691032371595814260064558                1890     1890.92997752191452788396471949180031      
   12004.0962871516305638708040411065784          0.918892000477649832553324511100510700                1900     1900.93489789535773355922925203869607      
   12045.7482163688854252939972006989312          0.922321343160167306346238978467116740                1910     1910.93981866901151543731889739175190      
   12087.9107437192102611836120389186365          0.925645707718591286158055049711670419                1920     1920.94473911159120056152457110018305      
   12130.5861002567752895684633180529194          0.928865414540056252162496592287890803                1930     1930.94965952845361267860526911759943      
   12173.7756638389162092495842080396403          0.931980939022035385827238404120647230                1940     1940.95458024440387900060155835570047      
   12217.4799331970854143717910671410834          0.934992913127934528876358534535384665                1950     1950.95950071034511355925014247863106      
   12261.6985182997907630711780789162268          0.937902126686993874024639326980087248                1960     1960.96442116281947135057004083763330      
   12306.4301263009685923255884764911768          0.940709526524586986804751368622206596                1970     1970.96934160082919068148656210265737      
   12351.6725605138890531924803123808020          0.943416214890050717761791419681683278                1980     1980.97426230953826517369280889176442      
   12397.4227195860463729550942388900347          0.946023446123850970562566018981188670                1990     1990.97918278833360998128661210861575      
   12443.6766148112343766813543311743245          0.948532622874313887257778039074041800                2000     2000.98410326111913295723852360857301      
   12490.4293840509852371154379711779026          0.950945290330978626848620394977179505                2010     2010.98902372838394041085829208294828      
   12537.6753185346546568699186310912653          0.953263129717549594980394570812501606                2020     2020.99394439944512396815919738454024      
   12585.4078908339139801183340902811359          0.955487950365484853755175850733486396                2030     2030.99886489385226296648987040439006      
   12633.6197978816175062460420190185319          0.957621681316251606715879169465326804                2040     2041.00378538676978307838657207675049      
   12682.3030013213769981735430245649338          0.959666361552621292036546349841787987                2050     2051.00870587879373576250085460091305      
   12731.4487770664743007490212210450356          0.961624129734528630394677598143748423                2060     2061.01362637059840805826720103061777      
   12781.0477685236336426678091420625865          0.963497213291690538449179459615394419                2070     2071.01854686289685369375642987557912      
   12831.0900442637724989426140172164700          0.965287917102641471147181343761976492                2080     2081.02346751464014300720509761477948      
   12881.5651547827115753382999506019285          0.966998611724827470554449873018861949                2090     2091.02838802191971803052253156762923      
   12932.4621987004010569482638820497880          0.968631721801713528176736651677353982                2100     2101.03330853000157770094448137108036      
   12983.7698828839517901791608473030987          0.970189714172334779055612877053781549                2110     2111.03822903913305743734308231093746      
   13035.4765864970197730943225326590310          0.971675086291245775225371522985009474                2120     2121.04314954951616606404848609551124      
   13087.5704239377071016227106665216837          0.973090354906917102297287878686406516                2130     2131.04807006129996409964188301094238      
   13140.0393066318455298622041040094197          0.974438045148612661822891043749602545                2140     2141.05299057457698989104513603904428      
   13192.8710030189335975793056600600446          0.975720680126537110207065306504105078                2150     2151.05791108938351160456359698535448      
   13246.0531961452532882308847822432174          0.976940771133948188265013297859350950                2160     2161.06283160570307793455560725504995      
   13299.5735383629994653741914340225675          0.978100808523133840142532531057942287                2170     2171.06775212347264290770899679406990      
   13353.4197027224471871098120703547745          0.979203253310222499503512645889843554                2180     2181.07267264259045072850760593010556      
   13407.5794311607417091643505783785539          0.980250529556670703657823039886802838                2190     2191.07759324322070152601359654366029      
   13462.0405766742456215098067990670243          0.981245017492679789666966621564204836                2200     2201.08251376189121473908388989972514      
   13516.7911457896956514978388517016849          0.982189047536043896372183188378993545                2210     2211.08743428100992535738250877259357      
   13571.8193326022305656843316666555318          0.983084895004789405367979602278097681                2220     2221.09235480050658182047564811212165      
   13627.1135508875650139860019495905491          0.983934775656232878167432176980871602                2230     2231.09727532030938463171853051915932      
   13682.6624617334122572405169809477833          0.984740841965437174728388614301131757                2240     2241.10219584034777972169780253424574      
   13738.4549972364021623697212367210978          0.985505180118605442959615203616791642                2250     2251.10711636055470054468443876389801      
   13794.4803804191159075768340445241655          0.986229807680339245602450534239783202                2260     2261.11203688086824885777530018828802      
   13850.7281412742844163039185135123088          0.986916671884964011962318144655175825                2270     2271.11695735027897755779549351094895      
   13907.1881308744884527462756231363990          0.987567648526896490719771547857594304                2280     2281.12187787458684723268118394653264      
   13963.8505294307041857994348783085472          0.988184541337427705160067620353993358                2290     2291.12679839872577344108670639560652      
   14020.7058544252559939242524658582631          0.988769081880006849629097980970506882                2300     2301.13171892263048364551844435519203      
   14077.7449646156540512181025032704864          0.989322929848265453083078455907133342                2310     2311.13663944625080745537232618903739      
   14134.9590619714303912136776016988317          0.989847673742754358456478978398951398                2320     2321.14155996955022053525340284752494      
   14192.3396914931167550938530381271244          0.990344831873450624631191833895051078                2330     2331.14648049250422788561361609344326      
   14249.8787391594992893836909504456069          0.990815853641961904305294459346459462                2340     2341.15140101509869141836260271444991      
   14307.5684282390052918884795518018419          0.991262121060142759614861773458415700                2350     2351.15632153732818261719663944634735      
   14365.4013141885676589562042243701891          0.991684950464895711464859127359972025                2360     2361.16124205919441903967976918592757      
   14423.3702783492095655108881042631858          0.992085594392150605373998937825155671                2370     2371.16616258070482428314930186894555      
   14481.4685206324520659186526242229662          0.992465243576306547396259071569418845                2380     2381.17108310187123513451398210580471      
   14539.6895513759476035039789744232794          0.992825029044704507607653841569933906                2390     2391.17600362270876695601734529744816      
   14598.0271825308820624529063036066178          0.993166024279913854293724515289761610                2400     2401.18092414323483870427612928294184      
   14656.4755183279930858754516660164803          0.993489247425714276884071334969839231                2410     2411.18584466346835198735360947336149      
   14715.0289454181184789592993963149858          0.993795663514790653667675448725423975                2420     2421.19076516012480921317368573824130      
   14773.6821234330358068198279828475102          0.994086186704713874162956284653640155                2430     2431.19568568242381974609599652244076      
   14832.4299739589232537509956150779149          0.994361682493583318721397293010409103                2440     2441.20060620421755895018313483900204      
   14891.2676708804740364702238303789415          0.994622969919388045659469343172189635                2450     2451.20552672555023166945849048321322      
   14950.1906299806530292339097542873519          0.994870823718245845448446544737538406                2460     2461.21044724646380658485667861793595      
   15009.1944987576829944065651457741404          0.995105976437735325815470550989490687                2470     2471.21536776699775081030155936125393      
   15068.2751463638077812518343909401013          0.995329120496754745184502268788223765                2480     2481.22028828718887885252641356500192      
   15127.4286537133647900101535283557451          0.995540910185860645712683159249064828                2490     2491.22520880707129207843626808536416      
   15186.6513037994345133163079236138427          0.995741963603419061511983973029783146                2500     2501.23012932667638822039647377255671      
   15245.9395722509517013783744702350069          0.995932864524112660027048373701090467                2510     2511.23504984603292364404345319385960      
   15305.2901180711992489669631521420681          0.996114164197106381434502286830653798                2520     2521.23997035088954536525432152750304      
   15364.6997750934356201588289201983095          0.996286383074196289268008642074313400                2530     2531.24489087148470571180421699844844      
   15424.1655428522361655201431480686114          0.996450012462562793259475384901878027                2540     2541.24981139171002526010604025106628      
   15483.6845786707270272499509755231898          0.996605516108480316797805168411572500                2550     2551.25473191160683795828378473525801      
   15543.2541895994939239129026598054139          0.996753331707545759668757429327332800                2560     2561.25965243121217687236778752312205      
   15602.8718247701761215472038959075330          0.996893872344435276619145843726002824                2570     2571.26457295055914826832536982584310      
   15662.5350680686303533958786878146275          0.997027527863187145097710036400073477                2580     2581.26949346967728982300180053980118      
   15722.2416311256119601155469372227921          0.997154666169665510117280187128530554                2590     2591.27441398859290933268538342412988      
   15781.9893466209786976128405553336000          0.997275634468101556661977722699288265                2600     2601.27933450732940169227240989836801      
   15841.7761618387849234764059526129503          0.997390760433668530643153062695781408                2610     2611.28425501634051387015139874075563      
   15901.6001328151675408301155709606280          0.997500353324087904158173023039065049                2620     2621.28917553588418957645486532695663      
   15961.4594181819707992734003085407444          0.997604705030588776771220715322522405                2630     2631.29409605517382987146219305335831      
   16021.3522739068822264547320968213997          0.997704091073334112933806672747794471                2640     2641.29901657423943639391494355104586      
   16081.2770479947261269343800648725248          0.997798771541611905130293017299946441                2650     2651.30393709310749676114647235199584      
   16141.2321755185310326908935261252555          0.997888991982078660957675277770330689                2660     2661.30885761180138265837882470817187      
   16201.2161739058622055359806225903414          0.997974984237307806924555923001957494                2670     2671.31377813034170637457423736677396      
   16261.2276384702134348292300424711954          0.998056967237014230421022102330442032                2680     2681.31869864874663929182904529935444      
   16321.2652381771958941982391197292134          0.998135147744281137002349185614846008                2690     2691.32361916703219573727088009980977      
   16381.3277115963627825882593124899243          0.998209721059003532911426321156670101                2700     2701.32853967871737022773170597206276      
   16441.4138632664857208626491302792816          0.998280871681096932094882456559597837                2710     2711.33346019753522613884146914505551      
   16501.5225598580508000354760216815342          0.998348773934724725463292714039269504                2720     2721.33838071618635598422403779599173      
   16561.6527269475233346621347474111907          0.998413592556808629992115580430546066                2730     2731.34330123469050584704277567365378      
   16621.8033457630911231760162051632650          0.998475483250870304002607863097676279                2740     2741.34822175306504748026334588094691      
   16681.9734501502644003155431020501401          0.998534593208484719023108922644567760                2750     2751.35314227132526503883425225070899      
   16742.1621237045438174892056844826855          0.998591061600094282892524095536756592                2760     2761.35806278948460756325589837264634      
   16802.3684970625492008151657605836578          0.998645020036916104301506248369934034                2770     2771.36298330755491116085941634264705      
   16862.5917453433294530850604723553675          0.998696593005592914051873181938154807                2780     2781.36790382554659441381069582796865      
   16922.8310857044934001427148223197739          0.998745898277131459300321601606951749                2790     2791.37282433891055750159549183421697      
   16983.0857751729991942884567434675016          0.998793047291779175941945804287574665                2800     2801.37774485726491012058013191406124      
   17043.3551083169766667507851242287060          0.998838145520842966467600714542898696                2810     2811.38266537550944426889073983140444      
   17103.6384153309041473375537819357172          0.998881292807350397251671596348666241                2820     2821.38758589365689985320492781394704      
   17163.9350600845885651233880147819228          0.998922583686388138296100515403812942                2830     2831.39250641171849883952670347264452      
   17224.2444383103996384047462803688177          0.998962107686493202654253476367562673                2840     2841.39742692970412979415789199844485      
   17284.5659758920252931254626348465072          0.998999949613197538395722462799596574                2850     2851.40234744762250970887457023117760      
   17344.8991272490694325091278383547628          0.999036189815793266395381976708314558                2860     2861.40726796548132591340331458349339      
   17405.2433738121059490976244137154221          0.999070904438324937132940159865755946                2870     2871.41218848328736053646820743995105      
   17465.5982225629742134403312073176895          0.999104165655744198318544878433442614                2880     2881.41710899771015469749805260152749      
   17525.9632047582295290638258968107055          0.999136041896199280826615010381090166                2890     2891.42202951577370847147643424179322      
   17586.3378745188834532485527413014241          0.999166598050096792167156077680532718                2900     2901.42695003376296777850385632314402      
   17646.7218077060621300914835613985419          0.999195895667004314158333901878120168                2910     2911.43187055168627692658424924226871      
   17707.1146007545962269555138051622210          0.999223993140923920552054324682154048                2920     2921.43679106955101120513163202350034      
   17767.5158695927349403016558083099735          0.999250945884723576667094679703716289                2930     2931.44171158736369267108475570386980      
   17827.9252486218955087668404684481927          0.999276806494368456768300049118235602                2940     2941.44663210513009177273659852155977      
   17888.3423897530101617669623816063362          0.999301624903569506555310118133508045                2950     2951.45155262285531657436697591588816      
   17948.7669614962272630254929906192276          0.999325448529429085814466568570563572                2960     2961.45647314054389112289859934298807      
   18009.1986481009082046046374494209329          0.999348322409628192754114192913597865                2970     2971.46139365819982430389946296103419      
   18069.6371487291382272893350004490709          0.999370289331660574351513127673991496                2980     2981.46631417352460858453250510139407      
   18130.0821767447911386877232785677598          0.999391389954629951534386741797244957                2990     2991.47123469135214606962295750590381      
   18190.5334589001358080206256723726457          0.999411662923967923180268531464064620                3000     3001.47615520913314907539606724074697      
   18250.9907347097867268977998162734434          0.999431144979622094828471026039650924                3010     3011.48107572687262398295587927061410      
   18311.4537557866898972526665422298018          0.999449871058013729199150342718463563                3020     3021.48599624457501764893169235795083      
   18371.9222852288404475089774202322771          0.999467874388177173277958359234659836                3030     3031.49091676224428210083802268105476      
   18432.3960970392932649946613641793198          0.999485186582423551945059536757712588                3040     3041.49583727988393152428388514702585      
   18492.8749755775686545927134330690815          0.999501837721856510008338190252990879                3050     3051.50075779749709248455822132038540      
   18553.3587150406659243798698246161771          0.999517856437047563575875881923475815                3060     3061.50567831508654820734671433057107      
   18613.8471189720022982314230453020340          0.999533269984159650440826022559669682                3070     3071.51059883265477764052956095035049      
   18674.3399997865411448930709330565426          0.999548104316786739611251344156239755                3080     3081.51551934852427614595319328751445      
   18734.8371783724765765144941401014615          0.999562384153781585096113701451352432                3090     3091.52043986621332124105825695290649      
   18795.3384836109625864948591220551493          0.999576133043264154381870879093784327                3100     3101.52536038387166547820360033180207      
   18855.8437520254570238363568283727981          0.999589373423097130453087185890663207                3110     3111.53028090150246221415064429717646      
   18916.3528273970966501502247180203199          0.999602126677990466776787505632470542                3120     3121.53520141910852724790036579983477      
   18976.8655604109820652904465240213393          0.999614413193451819191038852202217118                3130     3131.54012193669237633811924204447265      
   19037.3818083210661412819196655914598          0.999626252406764546136291505071011659                3140     3141.54504245425625840632190917142259      
   19097.9014346326068968295270040202241          0.999637662855167005258102493729522814                3150     3151.54996297180218493738509367084954      
   19158.4243088012063112280743970204381          0.999648662221396258572975601720063561                3160     3161.55488348933195602662067785664095      
   19218.9503059475135405079491678041533          0.999659267376749348809753647190658342                3170     3171.55980400684718346807220863951625      
   19279.4793065867245711015938181679316          0.999669494421805984371799030342831247                3180     3181.56472452434931123092706046497726      
   19340.0111963649319635656614986841366          0.999679358724946352663576004507720902                3190     3191.56964504066101653035713905141340      
   19400.5458658449550412246574553766974          0.999688874958799397893805537534834773                3200     3201.57456555824457881544545486514333      
   19461.0832102307951880897396590242519          0.999698057134719280090242923509348754                3210     3211.57948607580888291155843308633140      
   19521.6231291791265625925472903729833          0.999706918635431332203280358156994853                3220     3221.58440659335580569016782000655497      
   19582.1655265835990275897394941621758          0.999715472245930350589416990345977903                3230     3231.58932711088703288632390467258520      
   19642.7103103775100471206947230610398          0.999723730182739356696236733268688693                3240     3241.59424762840407936413398212328093      
   19703.2573923464516904995246272943493          0.999731704121620288727136800220650655                3250     3251.59916814590830715253534857196454      
   19763.8066879503930576864183387263966          0.999739405223824087079326517657151375                3260     3261.60408866340094150516933987473726      
   19824.3581161546892642674119715170401          0.999746844160962422201675095132214153                3270     3271.60900918088308520835797323474344      
   19884.9115992695371184095292886899478          0.999754031138578422414837664322101907                3280     3281.61392969835573133498073966358561      
   19945.4670627974248966125854755111179          0.999760975918489171518018398091051473                3290     3291.61885021581977461899963697181928      
   20006.0244352828304564352183066547449          0.999767687839967739147220645381915690                3300     3301.62377073239708664621242458444620      
   20066.5836481961204628228057980125654          0.999774175839833471190608945155419374                3310     3311.62869124991943411964681010166975      
   20127.1446357692363010197904503614465          0.999780448471500224175970299229581115                3320     3321.63361176742893202695690704211674      
   20187.7073348937698353008421567092023          0.999786513923054527534528506853334483                3330     3331.63853228492676847894095997840843      
   20248.2716849966373293524093420694137          0.999792380034406015866948027801933264                3340     3341.64345280241401655548956608780276      
   20308.8376279273250679844348823092052          0.999798054313565404616973068929213548                3350     3351.64837331989164592495037528214322      
   20369.4051078506005279600105666468180          0.999803543952096888755950748572327907                3360     3361.65329383736053324291812423335014      
   20429.9740711444040652904258098404304          0.999808855839789875902397211439904900                3370     3371.65821435482147146340491793115680      
   20490.5444663026518904992968013787849          0.999813996578592371545203797977479793                3380     3381.66313487227517818036769980860951      
   20551.1162438426959868993845281164931          0.999818972495845897700501153924826777                3390     3391.66805538972230310433264277892460      
   20611.6893562172006454305858344751547          0.999823789656859537482043083541081682                3400     3401.67297590716343476715151577692389      
   20672.2637577302084952420993531440091          0.999828453876858547416567631501368712                3410     3411.67789642459910653757028032802836      
   20732.8394044533138783329960752182293          0.999832970732340612057428076274842040                3420     3421.68281694139093422104125385578285      
   20793.4162541652482760647571419628594          0.999837345571873375703639045068796597                3430     3431.68773745886713027495325337812959      
   20853.9942662551345441651673922560122          0.999841583526357605027968779353705698                3440     3441.69265797633503633203845216609629      
   20914.5734016697088257804817889719383          0.999845689518791347981463791913234540                3450     3451.69757849379537664189504448045650      
   20975.1536228431406619274154475549994          0.999849668273555977302255454998047850                3460     3461.70249901124880907581440925970670      
   21035.7348936341152984885737502561898          0.999853524325251389427394944016363723                3470     3471.70741952869593148544280612318410      
   21096.3171792658266771055111843676561          0.999857262027103564586146446315043948                3480     3481.71234004613728742683254572105168      
   21156.9004462687356575452499516345944          0.999860885558966766688892552299977880                3490     3491.71726056357337131568016021371429      
   21217.4846624259557866064574892291920          0.999864398934941424110547116830230450                3500     3501.72218108100463307248013022208420      
