 T n_h1/n_h Pressure_Initial Pressure_Calc
   1212.27337370724490475004437046898531           2.23976360541100511139184080998567129E-0026           100     100.043253608661063216351923417393299      
   1333.50071107796939522503692764517438           8.93118248113960991518614093196764544E-0024           110     110.047578969527169537987115759150478      
   1454.72804844869388569813276406803078           1.32018801722169174981029436747880752E-0021           120     120.051904330393275859622308221413174      
   1575.95538581941837603177550510670822           9.09177670445158188803505601019036200E-0020           130     130.056229691259382181257511405261557      
   1697.18272319014286082089956980455418           3.43464426967116277722758026776872839E-0018           140     140.060555052125488502897341264643901      
   1818.41006056086721122433454110144004           8.02353369399735994016144768283073510E-0017           150     150.064880412991594824528862952886182      
   1939.63739793158938797090646270091158           1.26808712374746070060615387066703320E-0015           160     160.069205773857701146166748407618701      
   2060.86473530228640567292068790939741           1.45245546465459276079707762896601310E-0014           170     170.073531134723807528892778461451231      
   2182.09207267276329023322806063611231           1.27189138571780777654262509479909724E-0013           180     180.077856495589913797203692292689470      
   2303.31941004171928016975006481361585           8.88302680841425994457059944843856029E-0013           190     190.082181856456020602213160505425396      
   2424.54674740208049451708287024551245           5.11819995526303886263134412646709966E-0012           200     200.086507217322126438569792274268823      
   2545.77408472155930594436775109948996           2.50045707177104433654969042593328155E-0011           210     210.090832578188314792929994511693677      
   2667.00142187344133983674307555552116           1.05924037018683273005851911553154054E-0010           220     220.095157939054512934225140847805977      
   2788.22875842151990064166012845622106           3.96367269748598632629354960006170291E-0010           230     230.099483299922033195303194425155228      
   2909.45609302624901515901936015476233           1.33053692784671407374849802971613447E-0009           240     240.103808660786552996650955988016805      
   3030.68342196631161004599322346302249           4.05908686115729222923392927329061196E-0009           250     250.108134021653203252817673176237439      
   3151.91073577723046638887693843860288           1.13784295624923948523128519073085363E-0008           260     260.112459382699330461185359113267586      
   3273.13801218641941648878931580914537           2.95812010981804945887985162985755242E-0008           270     270.116784743402360626823998620796423      
   3394.36520231174971599389231770691469           7.19040367147096055435162753554379247E-0008           280     280.121110104252966926600180810141846      
   3515.59220527180845608107042283854886           1.64546731496818413210716748237112267E-0007           290     290.125435465117486502742273179310597      
   3636.81882413717745432149554204789232           3.56653262545000506074701615785131344E-0007           300     300.129760834131876664634431073322798      
   3758.04469285479924994955549036640970           7.35964129864877689310318888163683715E-0007           310     310.134086199098729227668357069547030      
   3879.26916131832181438419334680094436           1.45256391710675003643883272818708109E-0006           320     320.138411575901645905457676011426316      
   4000.49111986801635067664343777718179           2.75300348169489974708490740514629736E-0006           330     330.142736908588907106607785272373311      
   4121.70874458043169274779356300416277           5.02850301092710702533688524137918206E-0006           340     340.147062269499713493573650665268690      
   4242.91913368304782640147202484502997           8.87933381759917278142043250264837844E-0006           350     350.151387630564574332011011405835784      
   4364.11781200094579038060352094295207           1.52000860580563149619105229243895902E-0005           360     360.155713124967741719359972851181585      
   4485.29806443355267747260402008887322           2.52870769693551769990951406685370278E-0005           370     370.160038500107289272958508571710313      
   4606.45007935583328686714715339711422           4.09736424697800882701462447806002690E-0005           380     380.164363903290459506135824642589415      
   4727.55985335522725037424584263623270           6.47911114312324442521431098748491958E-0005           390     390.168689053495788702216832081493440      
   4848.60787134953124812492184131241235           1.00164813395848863438366810409485508E-0004           400     400.173017440481891808067910071830309      
   4969.56738746738034447293152994118505           1.51611018421810493603929321922159033E-0004           410     410.177339501753707473205310594539047      
   5090.40272703113374556235687661792626           2.25018669248681721812150302566005019E-0004           420     420.181664587635163859945486251091615      
   5211.06695612112156859183594472132245           3.27868905472736288259221187936443195E-0004           430     430.185990187076660740023979372396089      
   5331.49961972648383945150788906920060           4.69515127607762555567052967213423242E-0004           440     440.190315476945060336593783836496582      
   5451.62428995920284136002424704579680           6.61432793087208388050179801749487685E-0004           450     450.194640525755489602208829639489297      
   5571.34613229269220288339549982305519           9.17429169086142780969065860662797754E-0004           460     460.198960715142066226417475303692126      
   5690.54989179028813765616743747781076           1.25381939960738646507282264105682734E-0003           470     470.203288429860776825364244575419074      
   5809.09804372556676554517297332533722           1.68943744320266483439400000171126514E-0003           480     480.207613828861760022408050928646550      
   5926.83021868658596480654531688802244           2.24559130743510946609310761650060134E-0003           490     490.211936570680705421931520742621518      
   6043.56306632244374691948729752845124           2.94571324010973647338903640040401193E-0003           500     500.216169139024739032245863178890144      
   6159.09491457409275891883591601792158           3.81540479286678564045591438270499257E-0003           510     510.220605694167176632649376008198810      
   6273.20383589177999316627041391666459           4.88079130561197147948119769464615195E-0003           520     520.224959314240211861475178471086591      
   6385.65860792541754094422974151171746           6.16867733462094852477880209000348809E-0003           530     530.229309716895934583601236104076752      
   6496.22385735252218976344545680550284           7.70523692844689960579543626493393168E-0003           540     540.233782673989248263360887390752939      
   6604.66403481015829426126104724168220           9.51418440186156022031150850861425991E-0003           550     550.237768663100241919334982292577983      
   6710.76636376058440521238395760553819           1.16184105384008699618392648013159210E-0002           560     560.242542852933552872645838755822543      
   6814.32596371317232115651427951839818           1.40347378039335919133995684562815098E-0002           570     570.246959169222512532791251237395871      
   7031.06787951072807739947725674166263          0.962322359478111676252028533808241814                 580     1138.62019958796745593832079477156213      
   7152.29319306440558502926731185628003          0.974577501970903191639506271163687077                 590     1165.48512366151653712705363611288298      
   7273.51850296258597692322667631707013          0.982695179107444089304545460599050155                 600     1190.11174049952124698456162448790457      
   7394.74381181473416296636310193987489          0.988106238122523916404247932987031992                 610     1213.24905467384331009002387398016654      
   7515.96912035399936642238848309215264          0.991742647695419962540757892754835612                 620     1235.39389483214333594522385394920939      
   7637.19442879580610130892973273739338          0.994208901522722073982610772830827577                 630     1256.87398876501085332270252067564240      
   7758.41973720609425536467183638721768          0.995897706322510458263308557494928037                 640     1277.90565401612851929623277241226914      
   7879.64504560582473948885891893749179          0.997065475603637205854418792092792504                 650     1298.63229550067985820138315271775746      
   8000.87035400189983861335434688425579          0.997880823699712721593949466651795057                 660     1319.14960738674355056371851809207688      
   8122.09566239666910162066251330497818          0.998455546606117246733759586959911342                 670     1339.52194710423497008251504824277205      
   8243.32097079095780341037524870756933          0.998864425592468319509968763131199350                 680     1359.79296530298264074276422676296295      
   8364.54627918506457947000971034855584          0.999157938599017738157084631649717274                 690     1379.99252885745074922695169660049081      
   8485.77158757910060022595539307097883          0.999370470498084432442478955092674171                 700     1400.14125476770539834503318869138173      
   8606.99689597310838380927634908189165          0.999525655873502225034644955408758295                 710     1420.25350012213098299279663395970185      
   8728.22220436710461702918855634100634          0.999639884251666739491841074716282883                 720     1440.33934917523420867207012750112188      
   8849.44751276109601265673445728341707          0.999724619352256908687107553281181855                 730     1460.40594470113740858329606767421735      
   8970.67282115508533577106379981383401          0.999787946863675201227425166565322934                 740     1480.45838743089277829092011845907696      
   9091.89812954907375148216459537298123          0.999835616244119683887492590093601586                 750     1500.50034875637441382338349618072756      
   9213.12343794306176153363853162757075          0.999871747897988587668538732070550307                 760     1520.53449154773548028408266121678001      
   9334.34874633704958656193743547965796          0.999899317195405357981453908718232262                 770     1540.56276151684877662272095622841483      
   9455.57405473103732555883097545068532          0.999920488438132354192719812370544001                 780     1560.58659054351195849297675935819216      
   9576.79936312502502380494610209417572          0.999936847106322089019208246177364512                 790     1580.60703965638858133623321982382500      
   9698.02467151901270240114221634808909          0.999949562602777830343522864185105404                 800     1600.62490032943682280411653541035188      
   9819.24997991300037135805147397158449          0.999959503139557114723013026913017452                 810     1620.64076676623361285361205079805001      
   9940.47528830698803550749740604402857          0.999967317422636352899016823756177324                 820     1640.65508784345102450135156418254485      
   10061.7005967009756972207315444841604          0.999973493133693093633179730257787107                 830     1660.66820469105054270344667062297163      
   10182.9259050949633576802597211686401          0.999978399081656300591653692920477655                 840     1680.68037805974479329278105226758759      
   10304.1512134889510174849658330305351          0.999982315781914125286471493579012507                 850     1700.69180837802280319431209970837912      
   10425.3765218829386769427160128692887          0.999985457780138698266144008278170778                 860     1720.70265054210926954234086226413662      
   10546.6018302769263362140706335374909          0.999987990048889632902716490421349489                 870     1740.71302488708361334962944250522654      
   10667.8271386709139953839398328029105          0.999990040101921315165757467547256262                 880     1760.72302537221675079330785426327163      
   10789.0524470649016544978352750965186          0.999991706995838761868795270917796804                 890     1780.73272572205689811756227477396404      
   10910.2777554588893135804704635067905          0.999993068055964286654268453553675427                 900     1800.74218405877739470210057182084386      
   11031.5030638528769726454350825689462          0.999994183928788489865825261900801421                 910     1820.75144641480288314751642536406596      
   11152.7283722468646317002934736137149          0.999995102397131742948542918373881745                 920     1840.76054940992895125989429128172412      
   11273.9536806408522907493060372410108          0.999995861275570458616825216114280235                 930     1860.76952230173724350306780150865190      
   11395.1789890348399497948998613832501          0.999996490618621884448523291057165250                 940     1880.77838856353278990047085758993482      
   11516.4042974288276088384729918415619          0.999997014412815982253739673754380995                 950     1900.78716710431637697226109103682014      
   11637.6296058228152678808394010181210          0.999997451879269299698196124039180118                 960     1920.79587321624988487643254214574120      
   11758.8549142168029269224779484093571          0.999997818480913779275301881478175414                 970     1940.80451931370472403525649333706155      
   11880.0802226107905859636731982236876          0.999998126704737580585938269451451892                 980     1960.81311551218922397915114637475217      
   12001.3055310047782450045959140783042          0.999998386671863810681214558055746382                 990     1980.82167008371864770745931980210353      
   12122.5308393987659040453495453165151          0.999998606615313994513320472993026319                1000     2000.83018981643487431317359683161384      
   12243.7561477927535630859973414063074          0.999998793255648390759956071500934474                1010     2020.83868029971653607331620386442170      
   12364.9814561867412221265783205215480          0.999998952097460110421420700125483518                1020     2040.84714615107425809482368270639833      
   12486.2067645807288811671167625470918          0.999999087664283664521945201032638806                1030     2060.85559119738342886026510948473203      
   12607.4320729747165402076279041129509          0.999999203685394734226537959507192392                1040     2080.86401862016341196276722050616920      
   12728.6573813687041992481213855273880          0.999999303244885643107273549155808277                1050     2100.87243107244242176466864648891425      
   12849.8826897626918582886033550699282          0.999999388901049735214277026410034769                1060     2120.88083077308500057232328038320249      
   12971.1079981566795173290777644195617          0.999999462782312791047697452904138324                1070     2140.88921958318043323255057243940417      
   13092.3333065506671763695471726530684          0.999999526664573757168826502652711702                1080     2160.89759906810315042281501197402438      
   13213.5586149446548354100132492079774          0.999999582033758459217767171718997509                1090     2180.90597054809095541957910973907891      
   13334.7839233386424944504770909590837          0.999999630136572400383489150244444741                1100     2200.91433513959163080791349038237167      
   13456.0092317326301534909394236142674          0.999999672021805022177000716740924891                1110     2220.92269378916374163775290177183542      
   13577.2345401266178125314007305721007          0.999999708574044826831650016972850019                1120     2240.93104730135335552507507989597109      
   13698.4598485206054715718613359566157          0.999999740541279934502919484782263058                1130     2260.93939636168217963210961824027901      
   13819.6851569145931306123214584965125          0.999999768557557225008722078562413680                1140     2280.94774155565686377643677921412449      
   13940.9104653085807896527812467230268          0.999999793161636333357088217514850708                1150     2300.95608338453058408583431534067812      
   14062.1357737025684486932408021157430          0.999999814812388006745597029716837065                1160     2320.96442227840622080781934901827819      
   14183.3610820965561077337001944210927          0.999999833901538617699450673702258595                1170     2340.97275860715753333938237304254894      
   14304.5863904905437667741594718542545          0.999999850764245437800685561904336477                1180     2360.98109268955455718291777758073259      
   14425.8116988845314258146186679350594          0.999999865687894020952051555449394368                1190     2380.98942480090721181234486525239193      
   14547.0370072785190848550778060958901          0.999999878919434616757497088695772478                1200     2400.99775517948307819651044096320036      
   14668.2623156725067438955369028058431          0.999999890671514960921647354735018820                1210     2421.00608403190855479109730140301325      
   14789.4876240664944029359959697009671          0.999999901127618971231186432070346972                1220     2441.01441153772483449189042670718129      
   14910.7129324604820619764550150448686          0.999999910446382389124635810541097618                1230     2461.02273785323955368854062674094942      
   15031.9382408544697210169140447356084          0.999999918765225344127068681948541989                1240     2481.03106311479011964732407277821797      
   15153.1635492484573800573730630035238          0.999999926203416682604358397152573243                1250     2501.03938744151449244811775524845589      
   15274.3888576424450390978320728973211          0.999999932864664509935361074338014755                1260     2521.04771093770868378487023765347901      
   15395.6141660364326981382910766244175          0.999999938839310809313891113292141706                1270     2541.05603369483672117423330834978010      
   15516.8394744304203571787500757904006          0.999999944206194477058580362993578202                1280     2561.06435579324774069943473326631883      
   15638.0647828244080162192090715683461          0.999999949034236061309085783880671035                1290     2581.07267730364575644884770270703510      
   15759.2900912183956752596680648190526          0.999999953383788435620615416751106465                1300     2601.08099828835014266035403088927412      
   15880.5153996123833343001270561768936          0.999999957307790202954560821612347560                1310     2621.08931880237865934596305563239111      
   16001.7407080063709933405860461113125          0.999999960852752505412393623801252515                1320     2641.09763889437971507706463159941675      
   16122.9660164003586523810450349711213          0.999999964059604866683315078940724648                1330     2661.10595860743629852609413912421338      
   16244.1913247943463114215040230165496          0.999999966964421520779050706994173890                1340     2681.11427797976046669310101486985427      
   16365.4166331883339704619630104424918          0.999999969599046223169572283869184815                1350     2701.12259704529432523399029291880933      
   16486.6419415823216295024219973954613          0.999999971991630670078455956942683042                1360     2721.13091583423097128890059938177840      
   16607.8672499763092885428809839860313          0.999999974167099263844618598075831162                1370     2741.13923437346680705561406349357753      
   16729.0925583702969475833399702979410          0.999999976147550971789646298410085668                1380     2761.14755268699490382183356090776915      
   16850.3178667642846066237989563948418          0.999999977952607363529198236822689012                1390     2781.15587079624764448593652121958688      
   16971.5431751582722656642579423252899          0.999999979599714520397585924211846858                1400     2801.16418872039565110608223091832107      
   17092.7684835522599247047169281264436          0.999999981104405344147833628574133629                1410     2821.17250647660897430853103095804023      
   17213.9937919462475837451759138268535          0.999999982480527812206057258037583997                1420     2841.18082408028565176306106387735306      
   17335.2191003402352427856348994484972          0.999999983740443902131969561128071079                1430     2861.18914154525200719323550350512296      
   17456.4444087342229018260938850083857          0.999999984895203212717829571442584018                1440     2881.19745888393843782618761134785111      
   17577.6697171282105608665528705197025          0.999999985954694722002571987488623365                1450     2901.20577610753390878555298319604804      
   17698.8950255221982199070118559926901          0.999999986927779625728455302101299155                1460     2921.21409322612192271207811740484489      
   17820.1203339161858789474708414353665          0.999999987822407778788233412139622195                1470     2941.22241024880034937960352628379086      
   17941.3456423101735379879298268539827          0.999999988645719904847348404481206063                1480     2961.23072718378717284396648422870513      
   18062.5709507041611970283888122534579          0.999999989404137435466238822988750543                1490     2981.23904403851393401038857040818392      
   18183.7962590981488560688477976376577          0.999999990103441581264944291645326901                1500     3001.24736081970840713706471921677274      
   18305.0215674921365151093067830096395          0.999999990748843016929334698340553432                1510     3021.25567753346784358905088951613845      
   18426.2468758861241741497657683718206          0.999999991345043373270384876017780679                1520     3041.26399418532393997364969929162811      
   18547.4721842801118331902247537261193          0.999999991896289568184355699573684296                1530     3061.27231078030053629619713059136639      
   18668.6974926740994922306837390740598          0.999999992406421870084691199656411916                1540     3081.28062732296491932210447845346029      
   18789.9228010680871512711427244168633          0.999999992878916468707619665169583361                1550     3101.28894381747349383324474265280054      
   18911.1481094620748103116017097555016          0.999999993316923226204254009963053056                1560     3121.29726026761248731541313398494555      
   19032.3734178560624693520606950907635          0.999999993723299193652695484650870949                1570     3141.30557667683426959820941773050589      
   19153.5987262500501283925196804232676          0.999999994100638402468230236326007894                1580     3161.31389304828979621357669678678497      
   19274.8240346440377874329786657535251          0.999999994451298374893513183158460397                1590     3181.32220938485762115030732981834341      
   19396.0493430380254464734376510819460          0.999999994777423741318591474465461151                1600     3201.33052568916986990234332446941489      
   19517.2746514320131055138966364088618          0.999999995080967303344174817614549669                1610     3221.33884196363551608221581977524789      
   19638.4999598260007645543556217345376          0.999999995363708839182766921628563355                1620     3241.34715821046126341036432536656286      
   19759.7252682199884235948146070591941          0.999999995627271911273830164460555224                1630     3261.35547443167029875256497728725108      
   19880.9505766139760826352735923830112          0.999999995873138904089355329827579795                1640     3281.36379062911915033901033069147484      
   20002.1758850079637416757325777061342          0.999999996102664492357956571207385816                1650     3301.37210680451285774062405808018187      
   20123.4011934019514007161915630286734          0.999999996317087715768840520147352922                1660     3321.38042295941863606958327663355948      
   20244.6265017959390597566505483507425          0.999999996517542815143891370121489855                1670     3341.38873909527819575506411343992251      
   20365.8518101899267187971095336724108          0.999999996705068966668680648175360602                1680     3361.39705521341886072890208646330807      
   20487.0771185839143778375685189937478          0.999999996880619034692820764479461242                1690     3381.40537131506361160050908117456938      
   20608.3024269779020368780275043148071          0.999999997045067449538635895737093859                1700     3401.41368740134016611382705428650799      
   20729.5277353718896959184864896356329          0.999999997199217304429596250505080248                1710     3421.42200347328919660892003598285158      
   20850.7530437658773549589454749562693          0.999999997343806754838091143954595894                1720     3441.43031953187177313870244107534398      
   20971.9783521598650139994044602767386          0.999999997479514794059062793944403285                1730     3461.43863557797611112822743170492053      
   21093.2036605538526730398634455970753          0.999999997606966470471835518415374407                1740     3481.44695161242369384601326100698228      
   21214.4289689478403320803224309172921          0.999999997726737604610242727416443275                1750     3501.45526763597483234180082534689110      
   21335.6542773418279911207814162374142          0.999999997839359057693731156807960421                1760     3521.46358364933371876927990860973546      
   21456.8795857358156501612404015574512          0.999999997945320597569340591153446409                1770     3541.47189965315302304813440462402231      
   21578.1048941298033092016993868774187          0.999999998045074402980751410996374496                1780     3561.48021564803807753355509339293528      
   21699.3302025237909682421583721973294          0.999999998139038242632967225171323697                1790     3581.48853163455068967146583713717334      
   21820.5555109177786272826173575171865          0.999999998227598361587498779080689607                1800     3601.49684761321261845280150246774225      
   21941.7808193117662863230763428370057          0.999999998311112104040334767490237337                1810     3621.50516358450874677795567901212824      
   22063.0061277057539453635353281567808          0.999999998389910298448803198939660603                1820     3641.51347954888997854847884404986094      
   22184.2314360997416044039943134765274          0.999999998464299428235912235353224646                1830     3661.52179550677588636952471743012620      
   22305.4567444937292634444532987962488          0.999999998534563608870234277685224458                1840     3681.53011145855713313157655411039655      
   22426.6820528877169224849122841159450          0.999999998600966389959431800945592481                1850     3701.53842740459768840692481408975032      
   22547.9073612817045815253712694356253          0.999999998663752399074242878714854622                1860     3721.54674334523685851296778142418500      
   22669.1326696756922405658302547552868          0.999999998723148842309230163425451866                1870     3741.55505928079114723231671402674869      
   22790.3579780696798996062892400749356          0.999999998779366875062372256124412925                1880     3761.56337521155596251395641258390723      
   22911.5832864636675586467482253945686          0.999999998832602855156159819028125159                1890     3781.57169113780718298836124078315314      
   23032.8085948576552176872072107141922          0.999999998883039489209380312872239475                1900     3801.58000705980259679311510863868455      
   23154.0339032516428767276661960338063          0.999999998930846882084642446015076107                1910     3821.58832297778322400712690111979896      
   23275.2592116456305357681251813534173          0.999999998976183498267300856761522584                1920     3841.59663889197453291585996533259580      
   23396.4845200396181948085841666730188          0.999999999019197043163928337066191865                1930     3861.60495480258755936374501791379832      
   23517.7098284336058538490431519926077          0.999999999060025271531503322890406046                1940     3881.61327070981993758129620079209532      
   23638.9351368275935128895021373121965          0.999999999098796729552022907464041439                1950     3901.62158661385685009292655083651250      
   23760.1604452215811719299611226317791          0.999999999135631436442472590411896472                1960     3921.62990251487190360777658065928942      
   23881.3857536155688309704201079513616          0.999999999170641510929164359082035865                1970     3941.63821841302793716178898410183792      
   24002.6110620095564900108790932709347          0.999999999203931747411475431838688361                1980     3961.64653430847776820746681063152618      
   24123.8363704035441490513380785905141          0.999999999235600146186853066208558726                1990     3981.65485020136488183173838948948512      
   24245.0616787975318080917970639100809          0.999999999265738401701164239183762930                2000     4001.66316609182406781633463966499987      
   24366.2869871915194671322560492296540          0.999999999294432352421243638869946861                2010     4021.67148197998200983391266943834225      
   24487.5122955855071261727150345492176          0.999999999321762395595550363135321473                2020     4041.67979786595783069224458089587982      
   24608.7376039794947852131740198687813          0.999999999347803869870380632135488894                2030     4061.68811374986359719403987135360678      
   24729.9629123734824442536330051883449          0.999999999372627408459719045653243193                2040     4081.69642963180478786773169314203714      
   24851.1882207674701032940919905079117          0.999999999396299265323534582310196635                2050     4101.70474551188072654156973621890703      
   24972.4135291614577623345509758274690          0.999999999418881616589458559675051441                2060     4121.71306139018498447671022951512063      
   25093.6388375554454213750099611470295          0.999999999440432839253930073511928642                2070     4141.72137726680575354206870581172859      
   25214.8641459494330804154689464665899          0.999999999461007769018927712713787195                2080     4161.72969314182619270216931859719498      
   25336.0894543434207394559279317861472          0.999999999480657938957420836100194501                2090     4181.73800901532474989699439191312493      
   25457.3147627374083984963869171057014          0.999999999499431800552968390499052129                2100     4201.74632488737546121803475137857224      
   25578.5400711313960575368459024252587          0.999999999517374928524947175244346226                2110     4221.75464075804822912568329861467396      
   25699.7653795253837165773048877448192          0.999999999534530210729343628815290960                2120     4241.76295662740908130829125414238785      
   25820.9906879193713756177638730643733          0.999999999550938024314674914039436807                2130     4261.77127249552041165126190368012664      
   25942.2159963133590346582228583839243          0.999999999566636399212324212672550332                2140     4281.77958836244120466427089941045401      
   26063.4413047073466936986818437034785          0.999999999581661169949402382417708822                2150     4301.78790422822724460497792799924650      
   26184.6666131013343527391408290230327          0.999999999596046116689304665146798994                2160     4321.79622009293131043744402203616702      
   26305.8919214953220117795998143425931          0.999999999609823096329627800155205816                2170     4341.80453595660335767200203453367283      
   26427.1172298893096708200587996621441          0.999999999623022164418340547163368348                2180     4361.81285181929068804974256373565318      
   26548.3425382832973298605177849816983          0.999999999635671688586421592976873049                2190     4381.82116768103810795835021372112678      
   26669.5678466772849889009767703012493          0.999999999647798454138019324666913039                2200     4401.82948354188807639610225263213531      
   26790.7931550712726479414357556208003          0.999999999659427762387031369252848720                2210     4421.83779940188084323683343775127333      
   26912.0184634652603069818947409403545          0.999999999670583522281382645267167370                2220     4441.84611526105457849004371891389274      
   27033.2437718592479660223537262599086          0.999999999681288335812779281923189622                2230     4461.85443111944549319659740199293671      
   27154.4690802532356250628127115794596          0.999999999691563577669953539061904860                2240     4481.86274697708795255119668840285795      
   27275.6943886472232841032716968990138          0.999999999701429469557050039451934546                2250     4501.87106283401458179761408329075858      
   27396.9196970412109431437306822185648          0.999999999710905149565527494238840563                2260     4521.87937869025636540117889071699973      
   27518.1450054351986021841896675381158          0.999999999720008736957483639089990938                2270     4541.88769454584273996490823994257436      
   27639.3703138291862612246486528576668          0.999999999728757392690401957726963132                2280     4561.89601040080168132065831038740631      
   27760.5956222231739202651076381772178          0.999999999737167375987738595646638556                2290     4581.90432625515978619447933110151833      
   27881.8209306171615793055666234967688          0.999999999745254097236309890227055618                2300     4601.91264210894234881574574923597126      
   28003.0462390111492383460256088163261          0.999999999753032167469917829225710965                2310     4621.92095796217343281238007550129086      
   28124.2715474051368973864845941358771          0.999999999760515444678892672022947496                2320     4641.92927381487593870939472978011233      
   28245.4968557991245564269435794554281          0.999999999767717077167084884574002966                2330     4661.93758966707166732485823624141180      
   28366.7221641931122154674025647749791          0.999999999774649544161162644496173898                2340     4681.94590551878137933608424020366587      
   28487.9474725870998745078615500945301          0.999999999781324693861739510954710738                2350     4701.95422137002485126919274783689640      
   28609.1727809810875335483205354140811          0.999999999787753779111754072840915265                2360     4721.96253722082092814706485940820829      
   28730.3980893750751925887795207336321          0.999999999793947490844544621273137843                2370     4741.97085307118757301397937846052195      
   28851.6233977690628516292385060531832          0.999999999799915989462111751817520428                2380     4761.97916892114191353976736601186506      
   28972.8487061630505106696974913727342          0.999999999805668934283053477147685466                2390     4781.98748477070028589204431177172729      
   29094.0740145570381697101564766922852          0.999999999811215511189511873870648380                2400     4801.99580061987827605188353951577274      
   29215.2993229510258287506154620118362          0.999999999816564458593115479954737444                2410     4822.00411646869075873609142827146834      
   29336.5246313450134877910744473313872          0.999999999821724091831271954204561749                2420     4842.01243231715193407795518993115941      
   29457.7499397390011468315334326509476          0.999999999826702326097201035097895543                2430     4862.02074816527536220788428961268475      
   29578.9752481329888058719924179704986          0.999999999831506697999743961270191819                2440     4882.02906401307399586569032135768727      
   29700.2005565269764649124514032900496          0.999999999836144385842192363994906101                2450     4902.03737986056021116728609686149403      
   29821.4258649209641239529103886096007          0.999999999840622228703101655965385473                2460     4922.04569570774583664027684718764341      
   29942.6511733149517829933693739291517          0.999999999844946744396249487426772870                2470     4942.05401155464218063521343830576369      
   30063.8764817089394420338283592487027          0.999999999849124146381530854421439198                2480     4962.06232740126005721213229130306939      
   30185.1017901029271010742873445682537          0.999999999853160359693613103409427595                2490     4982.07064324760981059537610124822242      
   30306.3270984969147601147463298878047          0.999999999857061035950574513262353345                2500     5002.07895909370133828353384168193244      
   30427.5524068909024191552053152073557          0.999999999860831567500490169364013238                2510     5022.08727493954411289562154476987930      
   30548.7777152848900781956643005269098          0.999999999864477100759981743895568089                2520     5042.09559078514720282931354299349225      
   30670.0030236788777372361232858464608          0.999999999868002548795089061788267831                2530     5062.10390663051929180209653681025714      
   30791.2283320728653962765822711660118          0.999999999871412603191428498798873704                2540     5082.11222247566869734162777904540662      
   30912.4536404668530553170412564855628          0.999999999874711745257455718735546855                2550     5102.12053832060338828730786992879502      
   31033.6789488608407143575002418051138          0.999999999877904256601729097544300255                2560     5122.12885416533100136110423755525382      
   31154.9042572548283733979592271246649          0.999999999880994229122358036575887617                2570     5142.13717000985885686196133490202069      
   31276.1295656488160324384182124442159          0.999999999883985574444301283298597111                2580     5162.14548585419397353468765166652497      
   31397.3548740428036914788771977637669          0.999999999886882032837839694445836951                2590     5182.15380169834308266099914461996026      
   31518.5801824367913505193361830833179          0.999999999889687181649372115007729924                2600     5202.16211754231264141740642121995144      
   31639.8054908307790095597951684028689          0.999999999892404443273659808389456787                2610     5222.17043338610884554184309414991109      
   31761.0307992247666686002541537224199          0.999999999895037092694762749555170050                2620     5242.17874922973764134833051416997595      
   31882.2561076187543276407131390419709          0.999999999897588264621159581021499725                2630     5262.18706507320473712654606803709811      
   32003.4814160127419866811721243615219          0.999999999900060960238912457990979515                2640     5282.19538091651561396089591608386639      
   32124.7067244067296457216311096810729          0.999999999902458053605219461123061865                2650     5302.20369675967553600157691099305883      
   32245.9320328007173047620900950006270          0.999999999904782297703282518191531665                2660     5322.21201260268956021813583098658528      
   32367.1573411947049638025490803201780          0.999999999907036330178100273622629648                2670     5342.22032844556254566418712730722882      
   32488.3826495886926228430080656397291          0.999999999909222678771566089133875826                2680     5362.22864428829916228022401800445846      
   32609.6079579826802818834670509592801          0.999999999911343766474104899831502057                2690     5382.23696013090389925984352944919466      
   32730.8332663766679409239260362788311          0.999999999913401916409013033612180990                2700     5402.24527597338107300319619282720977      
   32852.0585747706555999643850215983789          0.999999999915399356464666827827761039                2710     5422.25359181573483468005832207613332      
   32973.2838831646432590048440069179299          0.999999999917338223688833864288106800                2720     5442.26190765796917742360244180714834      
   33094.5091915586309180453029922374872          0.999999999919220568458450194667693855                2730     5462.27022350008794317470329905023658      
   33215.7344999526185770857619775570382          0.999999999921048358437413699845424516                2740     5482.27853934209482919545723426181683      
   33336.9598083466062361262209628765892          0.999999999922823482334183700800450071                2750     5502.28685518399339426950617569773448      
   33458.1851167405938951666799481961402          0.999999999924547753470266397314891504                2760     5522.29517102578706460573921324976321      
   33579.4104251345815542071389335156912          0.999999999926222913170001211899212209                2770     5542.30348686747913946099001538205983      
   33700.6357335285692132475979188352422          0.999999999927850633981441472469920350                2780     5562.31180270907279649645301687534030      
   33821.8610419225568722880569041547933          0.999999999929432522737541125303375345                2790     5582.32011855057109688170137047957722      
   33943.0863503165445313285158894743443          0.999999999930970123466314592860923231                2800     5602.32843439197699015940144790381926      
   34064.3116587105321903689748747938953          0.999999999932464920158126941936695156                2810     5622.33675023329331888307878013040820      
   34185.5369671045198494094338601134463          0.999999999933918339397793853049931789                2820     5642.34506607452282303959556934924742      
   34306.7622754985075084498928454329973          0.999999999935331752868723298903692669                2830     5662.35338191566814426734733268714223      
   34427.9875838924951674903518307525483          0.999999999936706479735911321868628117                2840     5682.36169775673182988057310497178078      
   34549.2128922864828265308108160720993          0.999999999938043788914210966677417945                2850     5702.37001359771633670959737821304377      
   34670.4382006804704855712698013916503          0.999999999939344901227924527743571599                2860     5722.37832943862403476628021005179111      
   34791.6635090744581446117287867112013          0.999999999940610991467423187605669824                2870     5742.38664527945721074344247648012588      
   34912.8888174684458036521877720307523          0.999999999941843190348173345443164457                2880     5762.39496112021807135655401172082213      
   35034.1141258624334626926467573503033          0.999999999943042586377244059980879303                2890     5782.40327696090874653552144697589418      
   35155.3394342564211217331057426698543          0.999999999944210227632083755140124513                2900     5802.41159280153129247398813701979283      
   35276.5647426504087807735647279894053          0.999999999945347123456085446148608056                2910     5822.41990864208769454315897762663294      
   35397.7900510443964398140237133089563          0.999999999946454246075207109326320610                2920     5842.42822448257987007678660831144739      
   35519.0153594383840988544826986285073          0.999999999947532532139676389265760835                2930     5862.43654032300967103360100896025246      
   35640.2406678323717578949416839480583          0.999999999948582884194585633770263462                2940     5882.44485616337888654313047773297690      
   35761.4659762263594169354006692676093          0.999999999949606172082973357888457864                2950     5902.45317200368924534054715337964560      
   35882.6912846203470759758596545871603          0.999999999950603234284790814046092693                2960     5922.46148784394241809587343381978756      
   36003.9165930143347350163186399067113          0.999999999951574879194966593674478678                2970     5942.46980368414001964260573840370766      
   36125.1419014083223940567776252262623          0.999999999952521886343607368451789384                2980     5962.47811952428361111054803006641038      
   36246.3672098023100530972366105458133          0.999999999953445007561208307598632422                2990     5982.48643536437470196739838938570611      
   36367.5925181962977121376955958653643          0.999999999954344968091591739053512843                3000     6002.49475120441475197339681190339880      
   36488.8178265902853711781545811849153          0.999999999955222467655146657132260504                3010     6022.50306704440517305312043792591421      
   36610.0431349842730302186135665044727          0.999999999956078181464804157636170268                3020     6042.51138288434733108830282976692412      
   36731.2684433782606892590725518240237          0.999999999956912761197054280551651125                3030     6062.51969872424254763535594510261870      
   36852.4937517722483482995315371435747          0.999999999957726835920187572164674881                3040     6082.52801456409210157108642409676454      
   36973.7190601662360073399905224631257          0.999999999958521012981829486326220252                3050     6102.53633040389723066992106357455337      
   37094.9443685602236663804495077826767          0.999999999959295878857727102297075625                3060     6122.54464624365913311578928620563084      
   37216.1696769542113254209084931022277          0.999999999960051999963645145371112629                3070     6142.55296208337896895165245712789789      
   37337.3949853481989844613674784217787          0.999999999960789923432131583463554492                3080     6162.56127792305786146952052117584982      
   37458.6202937421866435018264637413297          0.999999999961510177855821789257308084                3090     6182.56959376269689854365513070018907      
   37579.8456021361743025422854490608807          0.999999999962213273998864076947160977                3100     6202.57790960229713390952473785099761      
   37701.0709105301619615827444343804317          0.999999999962899705477968039621169098                3110     6222.58622544185958839095059620069219      
   37822.2962189241496206232034196999827          0.999999999963569949414500241857818649                3120     6242.59454128138525107776284192789888      
   37943.5215273181372796636624050195337          0.999999999964224467058979194342029723                3130     6262.60285712087508045617241707796262      
   38064.7468357121249387041213903390847          0.999999999964863704389252902294926308                3140     6282.61117296033000549395719299512215      
   38185.9721441061125977445803756586357          0.999999999965488092683577402155178756                3150     6302.61948879975092668245890940390488      
   38307.1974525001002567850393609781867          0.999999999966098049069753360873949200                3160     6322.62780463913871703729114306649831      
   38428.4227608940879158254983462977377          0.999999999966693977051419802787613638                3170     6342.63612047849422305956715812897198      
   38549.6480692880755748659573316172887          0.999999999967276267012549156563568540                3180     6362.64443631781826565936988502049469      
   38670.8733776820632339064163169368397          0.999999999967845296701135897432273452                3190     6382.65275215711164104310415991078920      
   38792.0986860760508929468753022563907          0.999999999968401431693021927298746520                3200     6402.66106799637512156629348199808105      
   38913.3239944700385519873342875759417          0.999999999968945025836755327328087928                3210     6422.66938383560945655330967592983391      
   39034.5493028640262110277932728954927          0.999999999969476421680335083981626087                3220     6442.67769967481537308545376004694298      
   39155.7746112580138700682522582150437          0.999999999969995950880652689166128384                3230     6462.68601551399357675873980956194082      
   39276.9999196520015291087112435345947          0.999999999970503934596402015642511291                3240     6482.69433135314475241267047116381269      
   39398.2252280459891881491702288541458          0.999999999971000683865191445635847699                3250     6502.70264719226956483123284730716912      
   39519.4505364399768471896292141736968          0.999999999971486499965556766712613680                3260     6522.71096303136865941728655078755379      
   39640.6758448339645062300881994932478          0.999999999971961674764539734485973314                3270     6542.71927887044266284146166942936338      
   39761.9011532279521652705471848127988          0.999999999972426491051465333194388154                3280     6562.72759470949218366663302260149916      
   39883.1264616219398243110061701323498          0.999999999972881222858520545451781542                3290     6582.73591054851781294898829050909892      
   40004.3517700159274833514651554519008          0.999999999973326135768708780038080387                3300     6602.74422638752012481666121681997510      
   40125.5770784099151423919241407714581          0.999999999973761487211726915443640202                3310     6622.75254222649967702685699604545589      
   40246.8023868039028014323831260910091          0.999999999974187526748286116024199402                3320     6642.76085806545701150235503744507258      
   40368.0276951978904604728421114105601          0.999999999974604496343373090840355572                3330     6662.76917390439265484823443221816745      
   40489.2530035918781195133010967301111          0.999999999975012630628925220778313593                3340     6682.77748974330711884962953203763611      
   40610.4783119858657785537600820496621          0.999999999975412157156370909787321367                3350     6702.78580558220090095128697233507553      
   40731.7036203798534375942190673692131          0.999999999975803296639465557355203231                3360     6722.79412142107448471966114666726592      
   40852.9289287738410966346780526887641          0.999999999976186263187833641687838048                3370     6742.80243725992834028825246788599511      
   40974.1542371678287556751370380083151          0.999999999976561264531608489926325003                3380     6762.81075309876292478686165167803845      
   41095.3795455618164147155960233278661          0.999999999976928502237543339834978547                3390     6782.81906893757868275540364709899948      
   41216.6048539558040737560550086474171          0.999999999977288171916950216477649407                3400     6802.82738477637604654289664024626604      
   41337.8301623497917327965139939669681          0.999999999977640463425806910083560286                3410     6822.83570061515543669221469868629023      
   41459.0554707437793918369729792865191          0.999999999977985561057356902889102439                3420     6842.84401645391726231116703713451063      
   41580.2807791377670508774319646060701          0.999999999978323643727512411057253670                3430     6862.85233229266192143044250439738631      
   41701.5060875317547099178909499256211          0.999999999978654885153356743024402169                3440     6882.86064813138980134893465647068954      
   41822.7313959257423689583499352451721          0.999999999978979454025028890240977352                3450     6902.86896397010127896694063301860361      
   41943.9567043197300279988089205647232          0.999999999979297514171260624792707661                3460     6922.87727980879672110770593944020398      
   42065.1820127137176870392679058842742          0.999999999979609224718824347323922680                3470     6942.88559564747648482776710252387095      
   42186.4073211077053460797268912038252          0.999999999979914740246138476401819547                3480     6962.89391148614091771652496523979447      
   42307.6326295016930051201858765233762          0.999999999980214210931266267078568003                3490     6982.90222732479035818546306909562866      
   42428.8579378956806641606448618429272          0.999999999980507782694533563690330072                3500     7002.91054316342513574740809672531287      
