 T n_h1/n_h Pressure_Initial Pressure_Calc
   1212.34549175262787721970501671447455           2.24887920120339430477580895747369651E-0026           100     100.049205173762213407795667480816930           1.34355831940883828376257626911817984E-0011
   1333.58004092789066494166359378906941           8.96428192525870272386707488026079676E-0024           110     110.054125691138434748575234228898633           5.35557247884312451590623721374343509E-0009
   1454.81459010315345266171888897491521           1.32468000567706445566897453964075714E-0021           120     120.059046208514656089354800976980299           7.91409712549072931508866092779775031E-0007
   1576.04913927841624024187489304209641           9.12037959653801971447912641067664856E-0020           130     130.063966725890877430134367725062027           5.44883063373888139693233418876454407E-0005
   1697.28368845367902226098803207769338           3.44467991371496152987282010054893724E-0018           140     140.068887243267098770913934473143693           2.05797107879147315106056024560574681E-0003
   1818.51823762894166952088477326699780           8.04548834129176588165260734240438086E-0017           150     150.073807760643320111693501221225433           4.80665337153950625206039994187239140E-0002
   1939.75278680420213745502861312908991           1.27134576954014889436730721406464080E-0015           160     160.078728278019541452473067969305077          0.759545992775808219890235176465148054      
   2060.98733597943738419555972032473454           1.45595644451615503364697969683446629E-0014           170     170.083648795395762793252634717388789           8.69838803560384078031303461291304453      
   2182.22188515445198791761161009019411           1.27480656183493195616104174302097293E-0013           180     180.088569312771984134032201465189596           76.1613589949063971842710933883637368      
   2303.45643432794235210376413047472996           8.90233730109048696379470634001506530E-0013           190     190.093489830148205474811768213547560           531.856461505954498073838017930117763      
   2424.69098349282001028524065013045360           5.12879547902449770345731349047664814E-0012           200     200.098410347524426815591334997246370           3064.12004286511120199929411979716165      
   2545.92553261673353458332274851850572           2.50537601201944149264800839505346132E-0011           210     210.103330864900648156370901706577685           14967.9839735047554860448015179655750      
   2667.16008157273247085245886398546019           1.06123686008373397930223087490290836E-0010           220     220.108251382276869497150469022086679           63401.9653641617747306829424634962687      
   2788.39462992382534514890274885946990           3.97081087653172796863361178723217794E-0010           230     230.113171899653090837930032081845633           237229.993727919775872824918468746909      
   2909.62917632821228019038663866755410           1.33284841129852907757394958654556891E-0009           240     240.118092417029312178709601898893596           796289.800960736877515052493720548351      
   3030.86371705848019146158456588339934           4.06586724181300612757359354117339803E-0009           250     250.123012934405533519489186977839605           2429089.90195052635922095479358847759      
   3152.09824263428344849835118840192620           1.13963925826916973150884902163988722E-0008           260     260.127933451781754860268735180652472           6808599.61599145784467942190222633199      
   3273.33273075277452762183885928161118           2.96270891833745379613237115132119696E-0008           270     270.132853969157976201048323885239341           17700249.1422794457553272808777708040      
   3394.56713245828050263262737533455144           7.20118554192673145143347989962315547E-0008           280     280.137774486534197541826872165117984           43022376.3876913258563730307748212459      
   3515.80134672995612116894312343433152           1.64785381080083955306822187693801124E-0007           290     290.142695003910418882607431996387773           98448493.6090076422317284968265891676      
   3637.03517632507322906716078814818246           3.57140568465729657773049751045056113E-0007           300     300.147615521286640223386945109807766           213368144.319964752105295869225686955      
   3758.26825479099468900798810546643930           7.36946371031303300128625084709630000E-0007           310     310.152536038662861564166664709430919           440277284.447929826920291558873880854      
   3879.49993111235378622201720035763297           1.45443901420640837453038602325777188E-0006           320     320.157456556039082904946126298740246           868932238.140733125438780641952116552      
   4000.72909462723458885291474111783298           2.75653666533337569082422427249041368E-0006           330     330.162377073415304245755869586007414           1646850469.99516156225117563110471080      
   4121.95391883886734419671003089728043           5.03477731097110230829377356136218989E-0006           340     340.167297590791525586466384155080140           3007950333.17322426365756538550823692      
   4243.17149885524069406999695934370557           8.89011414387875668165405963257953545E-0006           350     350.172218108167746927279830968151731           5311262077.62112920957190871098261267      
   4364.37735377597090053496533438477827           1.52178714409273558945554414843915972E-0005           360     360.177138625543968267966840387845501           9091683433.77947327193696427031373126      
   4485.56476287595610387962236416860233           2.53160114210978632041606415493687843E-0005           370     370.182059142920189608842812487393640           15124661983.1177542992862961451406571      
   4606.72390349444046302722441257636092           4.10194249762028206571757618596034736E-0005           380     380.186979660296410949286917561375548           24506425091.5091823685879019346580255      
   4727.84075988054198350177614903844561           6.48621580720256657254218428538414932E-0005           390     390.191900177672632290267776780808544           38750899579.5988536696471029327133034      
   4848.89577685095782376473689166474986           1.00268222277492211839468204829298557E-0004           400     400.196820695048853631182671904017090           59903708541.2019880363313459747615033      
   4969.86224123514505812055059630653718           1.51769790391972870931173496753566916E-0004           410     410.201741212425074971688234925795574           90672528967.7435400406183852145974271      
   5090.70438925437180373094228143490769           2.25249006617968756643726454694606396E-0004           420     420.206661729801296312741325066700111           134571557519.944045573478679291877091      
   5211.37526094132887618687207266164869           3.28196207206551330548148581644290665E-0004           430     430.211582247177517655417606052096944           196075780484.266332352894441760215727      
   5331.81435514324198952216820924868773           4.69972958811569561576028470244644069E-0004           440     440.216502764553738989811553483512418           280778121995.429899744576489518804234      
   5451.94518168676013711216669604180590           6.62063003162582948718063682801644814E-0004           450     450.221423281929960332530392230940079           395539367074.896027407489902003964105      
   5571.67286062425660411578044966968954           9.18288199221083377327105516016199066E-0004           460     460.226343799306181656981013461010065           548617172953.640434268116175411748384      
   5690.88197921995997162074090136956363           1.25496048652373754905781742138072671E-0003           470     470.231264316682403027762967250009994           749756857236.296953046370695739677935      
   5809.43497856517015531404290004156915           1.69093584551485255756113993825426926E-0003           480     480.236184834058624357444196318414462           1010223635672.56121672650085783407383      
   5927.17139142714462367413354736837610           2.24753382026370235259364656803391752E-0003           490     490.241105351434845693698063536748408           1342754542241.38085445885718500751613      
   6043.90827401870733872994536294108944           2.94828841480476987411777177708228770E-0003           500     500.246025868811067038839348981405921           1761409605997.50053846912664976064289      
   6159.44214675944250804608472307665275           3.81850508837618539682120089019320052E-0003           510     510.250946386187288408046131692144320           2281307184684.48327949797258404807277      
   6273.55266495529878141612722764507938           4.88461543162713336961002900922432943E-0003           520     520.255866903563509675047952603100550           2918238425951.75283362291289678388336      
   6386.00807205688764071542701549480418           6.17334550586345101169979562499756512E-0003           530     530.260787420939731061534203019341114           3688170404417.31134614442776682960323      
   6496.57225704230340857591788950403676           7.71074290254922303247569785139136915E-0003           540     540.265707938315952338273835659883690           4606664853318.50093084949968512972177      
   6605.01297864383215903949119383475015           9.52113587042995101521687458265633945E-0003           550     550.270628455692173799859284242580990           5688256311007.21472848116825101986141      
   6711.11058809265186096504860561246615           1.16261183149776267649089939124634642E-0002           560     560.275548973068395083447428085720593           6945845724466.24247824302413601598586      
   6814.66644041410230191506809790628201           1.40436605977241471669852607947616904E-0002           570     570.280469490444616426090464770735996           8390169210035.69006399100657743826947      
   6915.51017834874499054608558087523498           1.67874344513244625077590183340418328E-0002           580     580.285390007820837962747768992730134           10029394734291.7356751826156655060511      
   7013.50521413119215098363362745671350           1.98664124364770176610061486320287464E-0002           590     590.290310525197059099712610894321134           11868882815739.0401965454944080226452      
   7108.55199204590157336200497436105003           2.32847644154639367139687490183767159E-0002           600     600.295231042573280471370893779275615           13911124674518.2574837367639642271980      
   7200.58892628937825889104049825034795           2.70420343939831813057078348472967843E-0002           610     610.300151559949501871793134726102760           16155847883841.0663400181629337324642      
   7289.59120219651279715766388178650066           3.11335492450378833712901903482699504E-0002           620     620.305072077325722800141471992645010           18600260555796.8421013351623145583247      
   7375.56784701389800174039091018624477           3.55509916614510585673825102679280855E-0002           630     630.309992594701944463660498599206255           21239393643027.7991062363021916086142      
   7458.55759129788205687529300387650048           4.02830644184452402290798445255134708E-0002           640     640.314913112078165123595924832477265           24066497792199.2313310962955637873493      
   7538.62405660514436463213902528725980           4.53161793480889790929075804486801917E-0002           650     650.319833629454384566101285691085955           27073454961194.8466039687990976838544      
   7615.85074383567067617255831790629811           5.06351180849762395558867496680271989E-0002           660     660.324754146830608578078283982820223           30251173171468.9969369485089693179616      
   7690.33619218894757836316351710066796           5.62236281676248309642323033927072127E-0002           670     670.329674664206829801062916734060472           33589942639666.6811431530110840739933      
   7762.18956146511766452433457328030331           6.20649339516799261969536279990401644E-0002           680     680.334595181583051016051217444189785           37079741014865.5744228236731468070696      
   7831.52678208415628702429544131747810           6.81421548898741205288496627970195268E-0002           690     690.339515698959269252725901789878049           40710483273510.3193715328173929613603      
   7898.46732956160886415014297336353993           7.44386332404339441278186119151175713E-0002           700     700.344436216335496276807077816008739           44472217503763.9627799364828584853832      
   7963.13161698035805884106617969309599           8.09381792822487826171972707941914871E-0002           710     710.349356733711714811189792711893484           48355271405542.3562955652162560442382      
   8025.63895862484295698467353913748477           8.76252452445949838880781685577817238E-0002           720     720.354277251087936533775151992401380           52350356202154.9288939737724294322648      
   8086.10603613011134082412657254117955           9.44850401726513514332197693347370164E-0002           730     730.359197768464156831533720536680966           56448635264941.7794807120350713609038      
   8144.64579025153229425145750985589045          0.101503597579089138643253021092100829                 740     740.364118285840377623709826219789663           60641764530676.4713798952742406296222      
   8201.36666209674463680604505731758486          0.108667806570193727595011549340782715                 750     750.369038803216599363223301579028071           64921911097389.1100926082681299761394      
   8256.37211369974864691649371634749249          0.115965415612933212063494824223412271                 760     760.373959320592821645361880031753949           69281755474943.5777128934785466223356      
   8309.76036647966378073355858900498853          0.123385016510401203445048309676355141                 770     770.378879837969042975404766561617057           73714482011412.0927417454354222484125      
   8361.62430562321032877823580014663611          0.130916014644561208465613002793954130                 780     780.383800355345267531891281740544585           78213761115060.1233079858040259567468      
   8412.05150766615973601950824509356169          0.138548590212205050739933769060228991                 790     790.388720872721481393862499829328997           82773726095365.4679588373969073953636      
   8461.12435693064553387257234548041649          0.146273654053625479793369215549396175                 800     800.393641390097716848921510756461963           87388946773537.4473990236727849550789      
   8508.92022374188278278681925349308623          0.154082800752578126367194709500615138                 810     810.398561907473928037218469598816760           92054401462810.0116843996471281573381      
   8555.51168344598273936547311229478808          0.161968260952385962131198094975888296                 820     820.403482424850149994459641176862041           96765448480430.9891150249606527685862      
   8600.96676024395094809988439173133257          0.169922854260793310126687357280199559                 830     830.408402942226374602808089742900403           101517798011390.949424094982565980311      
   8645.34918386733427860194033650821253          0.177939943678085934563597370115585471                 840     840.413323459602573811699172057150578           106307484882203.850759933708581145932      
   8688.71865029092757198500243684166630          0.186013392153317439109610462275976897                 850     850.418243976978808413569828848485728           111130842606092.026684472740095776616      
   8731.13108014949323958575968509443069          0.194137521629566947337254432430843025                 860     860.423164494355032283882307672880086           115984478915204.918026967657457134878      
   8772.63887042878096301330595539497444          0.202307074761910947152329746685932810                 870     870.428085011731242124168395356401144           120865252889609.519534993777050365941      
   8813.29113644972088085084391526873049          0.210517179365618822322380041066003286                 880     880.433005529107478201894490401739918           125770253717411.138046862300037354160      
   8853.13394225411815736988060923549962          0.218763315564516534128084246361583828                 890     890.437926046483699319101293861724052           130696781068048.220267519533842896155      
   8892.21051830912968516316086210331787          0.227041285550717998498728358470739695                 900     900.442846563859920670940767942780980           135642327025708.463577881489173323953      
   8930.56146603977521033047558796580732          0.235347185829422014265494778575747815                 910     910.447767081236142101697010406409966           140604559507409.324373677833852976890      
   8968.22494912433866218149046398804966          0.243677381800421543804517449604221137                 920     920.452687598612341835876510532575044           145581307077111.357824047444055254248      
   9005.23687178661869438050046521430721          0.252028484516981018637282807140897493                 930     930.457608115988572174586818830978790           150570545060666.541654985982946195552      
   9041.63104452272511496624965950239930          0.260397329459516564122815920811916039                 940     940.462528633364806073281072574005837           155570382864479.843077603151978320438      
   9077.43933783261366637134888876121153          0.268780957163620477708380358300015804                 950     950.467449150741027429164051024398767           160579052402020.066259822584160943642      
   9112.69182460636060396244823301856593          0.277176595547603152232508974386126508                 960     960.472369668117248605871274080735499           165594897535681.339805697889786226202      
   9147.41691185650029054510916507335445          0.285581643792576161716176998030440371                 970     970.477290185493470083238362753318009           170616364446186.509401356013653812817      
   9181.64146250136845503547946607012442          0.293993657637225825715438846055725123                 980     980.482210702869691416883195303350184           175641992847175.575611405915775586949      
   9215.39090789845972494478719255101896          0.302410335959159419850596473566113860                 990     990.487131220245920064651540020084854           180670407968437.189778206172267504203      
   9248.68935180743629632228872422743948          0.310829508524582251006297522886968448                1000     1000.49205173762214545667693070885523           185700313237141.498206780336045789375      
   9281.55966643416968944570902904711311          0.319249124797767984365179820874784439                1010     1010.49697225499836807860966463234656           190730483592230.135079709841280900504      
   9314.02358117342209129261389612159860          0.327667243711110539025046062361598356                1020     1020.50189277237457630405768388267102           195759759372690.953015241636114103486      
   9346.10176463093712516228395048659270          0.336082024305367213040589073060153254                1030     1030.50681328975079814153200610769155           200787040725715.072689877985284416463      
   9377.81390046758250706132654881842514          0.344491717157947558570986241038299156                1040     1040.51173380712701902721271043363793           205811282485659.859905089306788418291      
   9409.17875757002788560960931781295908          0.352894656524741020480984581890870652                1050     1050.51665432450320979694697628925182           210831489479304.585598928287740522506      
   9440.21425501511704874218506728156227          0.361289253128002999945459424756263787                1060     1060.52157484187949820524490522482859           215846712217083.654031608614573770923      
   9470.93752225918665202087152585435900          0.369673987529248223186020201165201172                1070     1070.52649535925568332817509508108802           220856042933823.960256801259085956225      
   9501.36495494947061862432254737663007          0.378047404031962374836357652075827372                1080     1080.53141587663190904135982932120645           225858611946013.137518842358253954303      
   9531.51226672260474903111776889841998          0.386408105064260825967185470852292963                1090     1090.53633639400812614904972460054632           230853584295805.750809913112204415975      
   9561.39453732524005154212473010317712          0.394754745996449674975174093795310112                1100     1100.54125691138434746617800257365421           235840156654854.585705411734316835887      
   9591.02625736387663711011331649817877          0.403086030352801624748038266288811763                1110     1110.54617742876058084493638147172765           240817554463659.779864797476319020415      
   9620.42136996523056684896995881546534          0.411400705380798213572394508671629468                1120     1120.55109794613673191878658140076730           245785029284480.756088460933854786895      
   9649.59330960466042272424544155721575          0.419697557944642303747646043961963735                1130     1130.55601846351301807598042635320068           250741856347978.052797052699053148046      
   9678.55503833830927503610531656187016          0.427975410713045016574179001255187879                1140     1140.56093898088927767232660670069846           255687332275665.732240229289151417746      
   9707.31907965456494704904639955800656          0.436233118614181383765306372309335184                1150     1150.56585949826547513463942555588419           260620772961978.731473528980765487224      
   9735.89755014206173438884207939525428          0.444469565533306103253331398723962394                1160     1160.57078001564165985615852594812318           265541511601314.176602873482355406055      
   9764.30218915464434925732572335963872          0.452683661230867789811510121447622964                1170     1170.57570053301789277988167383165596           270448896846806.157645569562605328224      
   9792.54438663835204745118657480843758          0.460874338461074280973846882953117774                1180     1180.58062105039411850185378670499789           275342291088856.945275751821348077160      
   9820.63520927144689706239825713904128          0.469040550272770572649338947047654520                1190     1190.58554156777033954080904597315429           280221068842587.862144327215151523445      
   9848.58542505568830236197429848608435          0.477181267476214515300951331534042590                1200     1200.59046208514656089326644239177695           285084615234403.392921410431777997664      
   9876.40552648534481383300757795858617          0.485295476260896143170826069979279881                1210     1210.59538260252275154966696793887036           289932324578793.978618267459358502636      
   9904.10575240972890195064277355823954          0.493382175950959872895417926946323135                1220     1220.60030311989896100271386733582383           294763599037347.416866908941613247973      
   9931.69610869524786023750178487132774          0.501440376886071518920938217231306862                1230     1230.60522363727522354419927930411434           299577847352705.496355878023548429518      
   9959.18638778399976925932057724062722          0.509469098416740216379666918383042495                1240     1240.61014415465145972663705303328077           304374483650899.957740647714393371511      
   9986.58618723772366655920161294245578          0.517467367004170687594970955235690876                1250     1250.61506467202766770044448258248710           309152926306138.290690065234070081223      
   10013.9049273483620377298875978798389          0.525434214415695537476163327008378963                1260     1260.61998518940389613880124069840942           313912596862692.510577355823842527545      
   10041.1518678895463164573023776255177          0.533368676007733498457862716267856601                1270     1270.62490570678008892987234934573342           318652919009079.060796992773738978979      
   10068.3361240769052901540517440478683          0.541269789089046222922510765362737037                1280     1280.62982622415634077017723490955138           323373317600211.551023609316323429190      
   10095.4666817991593394226296910390911          0.549136591357830735017399978962307115                1290     1290.63474674153256061038561749687734           328073217723665.903129248810298875991      
   10122.5524121764559210488219087550463          0.556968119406900647649478696984526809                1300     1300.63966725890877430184080369697444           332752043806623.622463745923500609417      
   10149.6020854972570902190976444279586          0.564763407291876654172655194344946572                1310     1310.64458777628499563937914299459957           337409218760459.303361764564482160077      
   10176.6243845802761633121835877637210          0.572521485157940486379859267900439632                1320     1320.64950829366121696205820818971970           342044163160315.891088803094655164177      
   10203.6279176034218438186153559338166          0.580241377921307300513052209955942512                1330     1330.65442881103743828840738023021810           346656294457370.600284657645005440311      
   10230.6212304374077975980775720459423          0.587922104002148073306418713242336133                1340     1340.65934932841365965596852550068853           351245026221838.877618373259060833506      
   10257.6128185175833907313377191846668          0.595562674106251258552493487075306699                1350     1350.66426984578988102000901663591617           355809767415096.881226763251985295382      
   10284.6111382835992270697634936871447          0.603162090053256771187478924451515963                1360     1360.66919036316610247371456167898585           360349921689627.881307839232166722731      
   10311.6246182127042563390088414656019          0.610719343649830644696103641842573575                1370     1370.67411088054237234629754568820644           364864886715817.741758355035431912478      
   10338.6616694687445277864654833213050          0.618233415606679753327240768737501582                1380     1380.67903139791852016250367796601468           369354053534942.196024586573062841008      
   10365.7306961852693663770801434177573          0.625703274498839520988012297686757127                1390     1390.68395191529479618583398470278229           373816805938006.267760548258791836998      
   10392.8401053975034260547526261770652          0.633127875769201631029232796472659094                1400     1400.68887243267099427154741683316263           378252519870417.829038290424719642138      
   10419.9983166343106166202795008244028          0.640506160775800127093562120857942871                1410     1410.69379295004720768666057162788243           382660562862802.792729201383424848207      
   10447.2137711775886007282075913181801          0.647837055883928920240907696656540176                1420     1420.69871346742343151210837981915729           387040293488604.947136573165752921157      
   10474.4949409928048575121009127651742          0.655119471604744310357259949909493129                1430     1430.70363398479964890590820798405396           391391060849457.209310078719935665006      
   10501.8503373305568047818511292186457          0.662352301782601529297726476949992905                1440     1440.70855450217587344587482968404963           395712204089668.301947680903339249795      
   10529.2885189951010365609938354137195          0.669534422833995768537915995706521867                1450     1450.71347501955208457416259394303155           400003051941539.810496884352429101700      
   10556.8181002717200794952561220152895          0.676664693041626161902651215619143702                1460     1460.71839553692828073666319334071544           404262922303615.521266047157992596544      
   10584.4477585005549467563917209909275          0.683741951907777978672746686058298300                1470     1470.72331605430453850442282751246906           408491121854369.509242267866967778249      
   10612.1862412801083665062659213999877          0.690765019571926649563106467775441794                1480     1480.72823657168080343490200000061507           412686945704262.756672535258139358359      
   10640.0423732789996786656407145417806          0.697732696298209419418865812832015314                1490     1490.73315708905697753131876152589576           416849677089540.907499706666936028707      
   10668.0250626297067798464226020342211          0.704643762039185246048753263360462473                1500     1500.73807760643320167745918486495603           420978587111609.130731639788877563983      
   10696.1433068729535167006079729448874          0.711496976083112303457769891703511921                1510     1510.74299812380943255491326061706830           425072934526303.773647534640140259108      
   10724.4061984160917947629901183659617          0.718291076792816672181862864204412052                1520     1520.74791864118565744433232530040866           429131965587883.327095649225243284076      
   10752.8229294632681908057838998209811          0.725024781445097432676199426002932422                1530     1530.75283915856186653010576266510702           433154913953083.485377996468551376548      
   10781.4027963693765444177870856904761          0.731696786180515236484575787557026939                1540     1540.75775967593808623501043370755226           437141000651119.077355486266428476444      
   10810.1552033637830587487787698980320          0.738305766074334270258417786967086340                1550     1550.76268019331427382972246632294851           441089434126067.323561923169546773412      
   10839.0896655835980326635349482849974          0.744850375340326494466741826553780975                1560     1560.76760071069053952791448147822446           444999410358627.397732239636988113573      
   10868.2158113498858865803852146432147          0.751329247680090265143986577848035064                1570     1570.77252122806673430385875158525517           448870113074815.745184604833002622718      
   10897.5433836137149383502381890045634          0.757740996791475544125626537888373660                1580     1580.77744174544297135650096910638704           452700714049716.562781749193518782950      
   10927.0822404923923237370283507926876          0.764084217050622460996564844567673004                1590     1590.78236226281920586056046073235289           456490373514955.537404155344799966919      
   10956.8423548097200037920020050803162          0.770357484383000384073736601977660816                1600     1600.78728278019541446447941537130301           460238240679088.633316305513555212697      
   10986.8338125477200528466852076928149          0.776559357339649512817242726084230967                1610     1610.79220329757163565918905330041774           463943454370586.066146428842824551259      
   11017.0668101111588319748577838505598          0.782688378395556815942997607961518853                1620     1620.79712381494785682281604361340482           467605143813527.129275383221051727871      
   11047.5516503004959694804555340074358          0.788743075487709874634646196131122120                1630     1630.80204433232403449341858199953638           471222429546486.812880829260064132727      
   11078.2987368837767900578109209493997          0.794721963810830713674904941583045030                1640     1640.80696484970030551892330975132263           474794424495369.247384704392401405721      
   11109.3185676536876259959645120677774          0.800623547889056994960174447328970683                1650     1650.81188536707651202203619467100229           478320235211102.107435074826642702782      
   11140.6217258527574815973951670196253          0.806446323941868029419603180548352905                1660     1660.81680588445278066585475650571255           481798963283122.370567182426665545569      
   11172.2188698477679884230814076706363          0.812188782562291362462571153981724546                1670     1670.82172640182894879540114262982039           485229706939430.059152763951831764850      
   11204.1207209341742229706532885600031          0.817849411724828368793670716394227488                1680     1680.82664691920520090021343474681802           488611562843626.749225383104959331794      
   11236.3380491530354864866850225235510          0.823426700139534206689226884607089224                1690     1690.83156743658138042088998454835771           491943628098759.542384754345812782994      
   11268.8816570070256878713445297323397          0.828919140967230795165627681842783756                1700     1700.83648795395761539023209329324523           495225002466917.560881887606259553068      
   11301.7623609688728882602831156778697          0.834325235908845319829045283290411451                1710     1710.84140847133382580086201961504959           498454790812344.713782132878001487311      
   11334.9909706855218107104541682421397          0.839643499679301785961509990345771167                1720     1720.84632898871006191274181466910508           501632105774297.235414891885257389619      
   11368.5782657947804909124472823461366          0.844872464873178575045023392212591384                1730     1730.85124950608631647498659731744541           504756070673956.140975081545287058858      
   11402.5349702886311570111135017811979          0.850010687225434939171809513320529882                1740     1740.85617002346249917393711817869839           507825822657367.442780387501676339244      
   11436.8717243790975323826701995219384          0.855056751265853457682740644112786783                1750     1750.86109054083875133866079356286992           510840516073601.702104970989534363896      
   11471.5990538488820222361419561427874          0.860009276360412418425648006447792418                1760     1760.86601105821497105698240714746566           513799326084079.420277275550740875829      
   11506.7273369001665018507838524445516          0.864866923126579485438677322149427131                1770     1770.87093157559118235973191016032202           516701452495289.419671239634440235221      
   11542.2667685511107627045287295922599          0.869628400202507257139125719757127306                1780     1780.87585209296740719639255573002927           519546123802940.786746701583195132482      
   11578.2273226707087133388234703263927          0.874292471342353079497909039912994434                1790     1790.88077261034359775529357769592098           522332601430952.700352682712051425565      
   11614.6187117885796873104041374448635          0.878857962801502476651014461499184916                1800     1800.88569312771984786606933771111233           525060184143642.546465174170544010592      
   11651.4503448666109999799309069946759          0.883323770966452941118368529383366238                1810     1810.89061364509605046900220592717015           527728212604082.951650492556854432874      
   11688.7312832735376363977183448491492          0.887688870174659963111020235505899031                1820     1820.89553416247229814251151261146130           530336074045948.372791234745291142629      
   11726.4701952606615602943655197953619          0.891952320659945251812620034159783064                1830     1830.90045467984849021906752513030349           532883207020377.383420312540589957131      
   11764.6753092958823698757914103155907          0.896113276549358511357205476019999897                1840     1840.90537519722475536687168433347515           535369106173574.589113183056630543245      
   11803.3543666725842775709591397350920          0.900170993827941354821692608934337956                1850     1850.91029571460095215456650242808708           537793327005236.739080903186772894618      
   11842.5145738680684295838595084386019          0.904124838178991007952962896603814458                1860     1860.91521623197716409034504977020532           540155490552597.486413987304648567250      
   11882.1625551811622110634291889559538          0.907974292599508088025978230958876339                1870     1870.92013674935340330700792533936526           542455287940159.816999300505671782356      
   11922.3043062283008606579019703993369          0.911718964683919623088484845129560467                1880     1880.92505726672959923788603340175243           544692484731244.441882953589701290111      
   11962.9451489194642343585787913926680          0.915358593464275825257789218500568756                1890     1890.92997778410582006387572722909198           546866925014560.108807162716281835405      
   12004.0896885675665969852712449766199          0.918893055692306833559402255030167534                1900     1900.93489830148206267763844700249414           548978535157321.992652007971678876483      
   12045.7417738049896949459956838527322          0.922322371448344246537872401802785173                1910     1910.93981881885827994193529084276708           551027327156215.653625137187926198517      
   12087.9044599868242178260088857483399          0.925646708964460745187267145513240519                1920     1920.94473933623448744777457514906191           553013401518907.621629949261083413468      
   12130.5799767502796530865498088083274          0.928866388554489748720315672358970568                1930     1930.94965985361072745530553450781924           554936949611975.267729263847268093022      
   12173.7697003723029376305148828204706          0.931981885551991182000734598431714201                1940     1940.95458037098691861218386031586272           556798255416149.392754473741839877884      
   12217.4741315219440421451891825047133          0.934993832168752137313246658728946941                1950     1950.95950088836314170201117447861148           558597696636646.716790382954265108833      
   12261.6928789403163482784834756436653          0.937903018200947678171723342644512699                1960     1960.96442140573938396260838737568964           560335745125054.952259829172203955440      
   12306.4246494997985636745614607648852          0.940710390527399452570930874992529397                1970     1970.96934192311558906888300894991951           562012966579575.092455344175722903853      
   12351.6672449968356208600509835706733          0.943417051364079366930066098187014761                1980     1980.97426244049182619750020133852848           563630019502201.355657164314635652956      
   12397.4175659215664595939750442485891          0.946024255260607906438920089440111487                1990     1990.97918295786804998378724683368316           565187653404325.404058613474120947319      
   12443.6716223255070240758252378838541          0.948533404847373288896274875234693934                2000     2000.98410347524426830524178135868523           566686706265917.938954280156316256449      
   12490.4245517792184710238013535834023          0.950946045365340371793543097528825515                2010     2010.98902399262049005167403567995914           568128101267447.125555194476727525468      
   12537.6706442793770534659865582056233          0.953263858033866057449859144936405221                2020     2020.99394450999671147936941029580111           569512842827581.833886806064767631104      
   12585.4033738332606466431932957802236          0.955488652334108558283144673757046265                2030     2030.99886502737293248790271186927151           570842011993033.078499919122073072496      
   12633.6154363227871387782873950182695          0.957622357306152323736061755039488154                2040     2041.00378554474915344974790822852129           572116761239155.048186969420520554754      
   12682.2987931341190298468777274540277          0.959667011976071083326058536052328529                2050     2051.00870606212537489393388380791651           573338308750741.032065474236229213442      
   12731.4447199363342508794098652041696          0.961624755044219567581066852686453784                2060     2061.01362657950159619657576821467160           574507932261451.772794239907392131695      
   12781.0438599070161421209164595194922          0.963497813977611266889859113138279763                2070     2071.01854709687781754308480412248914           575626962537224.178899264845632736910      
   12831.0862806363451911257129749256991          0.965288493656988951685795758415420167                2080     2081.02346761425403888467954046194304           576696776593638.072279465763456434237      
   12881.5615338960283170771316310265981          0.966999164732976139427931502826856257                2090     2091.02838813163025788231845637269571           577718790739477.818591353765727469476      
   12932.4587174359051722261831780694526          0.968632251845528804225845650363350528                2100     2101.03330864900647173181202931470024           578694453538624.786116506430257711122      
   12983.7665379691346455394163502073695          0.970190221856965029044056527388475858                2110     2111.03822916638269774255030271214801           579625238780061.727333684728003576647      
   13035.4733745254369761105613381204390          0.971675572241456498158450607056219880                2120     2121.04314968375891881639146159144589           580512638541352.924523860105600565245      
   13087.5673413891441079674700786697933          0.973090819763458526142389043456838458                2130     2131.04807020113514840553066881889358           581358156424746.156987178027578642395      
   13140.0363498923684775469190009333899          0.974438489564661544622353045275547686                2140     2141.05299071851136516585007413801208           582163301037339.607957409551897708468      
   13192.8681684005810659398874180129440          0.975721104764249691289748750836864657                2150     2151.05791123588758847747616501471933           582929579777916.133416215676576562573      
   13246.0504799051473226487884114928542          0.976941176661156763131092591189227304                2160     2161.06283175326381192817833121816230           583658492983431.683673579176736160874      
   13299.5709367216835633567583033440985          0.978101195610214669995987142570240149                2170     2171.06775227064003042596418198301804           584351528478110.391476881403922070458      
   13353.4172118812891317435471987163852          0.979203622627157738297834924458834047                2180     2181.07267278801626032274144356648620           585010156557983.391334558698256017241      
   13407.5770468908205497628574626249816          0.980250881760885041858776034140819676                2190     2191.07759330539247494432602571045705           585635825433814.202362706209647712869      
   13462.0382956257460838653313396250179          0.981245353255627234008012425294990069                2200     2201.08251382276869254553844903632244           586229957145940.333838276659238319629      
   13516.7889642024767824812905851430549          0.982189367511066865892628226739551387                2210     2211.08743434014491628012652567952294           586793943955840.019058703153442641486      
   13571.8172467545859626310605268877597          0.983085199835288922955757818365781600                2220     2221.09235485752113304677978118863972           587329145211363.147141586875059454252      
   13627.1115571076059015275726961693331          0.983935065973872728430945614308723377                2230     2231.09727537489735709537486386590621           587836884675655.903507184349211355336      
   13682.6605564091842610615442498070025          0.984741118388579253493693043346246434                2240     2241.10219589227358123109387934653409           588318448303919.716216659846250946553      
   13738.4531768247577301842890008566089          0.985505443250969249060724765998805788                2250     2251.10711640964979920273795363465959           588775082447294.596957614429965613152      
   13794.4786414533796767716506724708851          0.986230058109876027758368742045292027                2260     2261.11203692702602405974776249570140           589207992459326.589807752401032476240      
   13850.7264806540667790703424590099131          0.986916910186871039931267080653380930                2270     2271.11695744440224369347103902552833           589618341677619.897269544050194999582      
   13907.1865450003996208337191249223199          0.987567875250581196912278256119870868                2280     2281.12187796177846553686120898156753           590007250751315.040299085990556297583      
   13963.8490151007068059006171571928315          0.988184757018797847496683425746356240                2290     2291.12679847915468764418200876754786           590375797283888.069511849086830805686      
   14020.7044085337108744978324305657009          0.988769287036595613845520363734928320                2300     2301.13171899653090835147853545571023           590725015760334.531598233385966202017      
   14077.7435841558201155636347657394618          0.989323124978984373867495715776738262                2310     2311.13663951390712967896951198116719           591055897727984.243487287096703632679      
   14134.9577440371655188539015908207466          0.989847859327779043109528682993411061                2320     2321.14156003128335076022200344708240           591369392200886.745235287465367894654      
   14192.3384332798570087700415788124115          0.990345008374224804296878868028526360                2330     2331.14648054865957222415710905910307           591666406258814.333440137497384869779      
   14249.8775379645921552166655289134493          0.990816021501305819500333745910327034                2340     2341.15140106603579401837476320371530           591947805813357.696739461787539323930      
   14307.5672814614699136585808338422763          0.991262280702452527711744148487319913                2350     2351.15632158341201508555654211362284           592214416515254.252372668563966430716      
   14365.4002193283516577685250275729707          0.991685102296421080882589320406195433                2360     2361.16124210078823650104241878914440           592467024778916.510470575846644353236      
   14423.3692330060080635496192204765822          0.992085738801339338424951643316612518                2370     2371.16616261816445781749275712392153           592706378902052.056175439795758929208      
   14481.4675225041503399869638280762333          0.992465380934204561636771142564626189                2380     2381.17108313554067907487072643520871           592933190260232.719141857534250589635      
   14539.6885982567442740001815168549074          0.992825159705401815588973754239665916                2390     2391.17600365291690048051568772927499           593148134558232.405677249472919190104      
   14598.0262723091451673356565706846597          0.993166148581027253732346190230846144                2400     2401.18092417029312178633071956630210           593351853121873.916227094353181524544      
   14656.4746489838968348973260876963553          0.993489365688898639425411604788119957                2410     2411.18584468766934313514875162499475           593544954215976.030467744110861233551      
   14715.0281151567674711512821759653914          0.993795776047080444667368744772759513                2420     2421.19076520504556447139332513184601           593728014375751.581277045643076694997      
   14773.6813302599483865412130173267496          0.994086293796516991866582834970172858                2430     2431.19568572242178581146616115512513           593901579740659.815458489388652684490      
   14832.4292161154644333005546202361611          0.994361784421937695827381483233060300                2440     2441.20060623979800714984566646790954           594066167381252.101148701813569249662      
   14891.2669466888382313962650226864615          0.994623066947564366505315523399731868                2450     2451.20552675717422849129219654597550           594222266610963.513594609068092119845      
   14950.1899378409764902940980988887446          0.994870916096308739358402701814262357                2460     2461.21044727455044983217365107612666           594370340276092.218491873509613862580      
   15009.1938371451366091455574650426671          0.995106064403100801811993801176602688                2470     2471.21536779192667117196090452036521           594510826018375.004335498364755664821      
   15068.2745138256904825160795673938731          0.995329204274740771813679246719082545                2480     2481.22028830930289251410519590797991           594644137505614.192507479535906162555      
   15127.4280488662149789875716823959570          0.995540989990228287751709517097832276                2490     2491.22520882667911385417759611986044           594770665626743.572008181637241182554      
   15186.6507253261743255602549940791665          0.995742039636902040935152391966562359                2500     2501.23012934405533519489167586889463           594890779648545.269507707712777835451      
   15245.9390188980766073214631942780565          0.995932936978933614525823686432996679                2510     2511.23504986143155653564111669272018           595004828331952.679591829452902830718      
   15305.2895887304347525034081410887907          0.996114233255773356883820490673135464                2520     2521.23997037880777787660678457999418           595113141006504.314414051720160739258      
   15364.6992685360865179926914584915824          0.996286448909056710757589622976639610                2530     2531.24489089618399921729133727511440           595216028602057.452069035716391281728      
   15424.1650580003700733519025554760740          0.996450075237259513539181999435377863                2540     2541.24981141356022055799922194354863           595313784637336.518035535845767568393      
   15483.6841144992527573676116379892098          0.996605575978053050451166090341050350                2550     2551.25473193093644189879560349347275           595406686165286.795073921175744272841      
   15543.2537451337118570961632209610044          0.996753388818866255537841017556993271                2560     2561.25965244831266323958997801082178           595494994675536.596845887752076863209      
   15602.8713990834107935075466747157001          0.996893926836624947405216784224433046                2570     2571.26457296568888458036188606641086           595578956954547.349307196242398169928      
   15662.5346602799472088459885867855726          0.997027579868017156253541098072592532                2580     2581.26949348306510592111534813558161           595658805904257.552974262875967143590      
   15722.2412403976193835860774266533496          0.997154715811939455583826113943333693                2590     2591.27441400044132726190692729591202           595734761320209.328632530871747452505      
   15781.9889721577157045846231338003749          0.997275681866020953287057787596309311                2600     2601.27933451781754860270180528377168           595807030630290.673695851022396607856      
   15841.7758029407336033582047969726097          0.997390805699307607552156769839147247                2610     2611.28425503519376994346902315230376           595875809595337.685676378495456900221      
   15901.5997886996381140435937877099655          0.997500396563327403803939358011913710                2620     2621.28917555256999128424132284350632           595941282972923.378000731166435915151      
   15961.4590881662381681938967712343109          0.997604746343853487253984986975615872                2630     2631.29409606994621262502640054629116           596003625145717.400723376974175628132      
   16021.3519573419566398119449203788265          0.997704130555743696329367570710539599                2640     2641.29901658732243396580551605143642           596063000715837.631710251378884587309      
   16081.2767442636670197587387774012122          0.997798809283266513269882534126142825                2650     2651.30393710469865530658696752111912           596119565066633.465489855809060421856      
   16141.2318840348376482552587056146688          0.997889028068330040405686049460759730                2660     2661.30885762207487664736466881510305           596173464893344.565390441567782252199      
   16201.2158941119388561226806129081764          0.997975018749016448580242411983503693                2670     2671.31377813945109798814338733858719           596224838704070.383684383466603137259      
   16261.2273698359071095544086436245422          0.998057000250793126812684157843539797                2680     2681.31869865682731932892430228723296           596273817292467.104122518370394897321      
   16321.2649801984038127165558971880074          0.998135179332726712418547199605303366                2690     2691.32361917420354066970279260487871           596320524183561.746885546372419890926      
   16381.3274638326376163224284632294486          0.998209751290970092531926207801844691                2700     2701.32853969157976201048333262569151           596365076054039.666901096224892908637      
   16441.4136252186228413136125009664823          0.998280900621727751491767277114765387                2710     2711.33346020895598335126230415801022           596407583128323.012608430289616916176      
   16501.5223310929097979988815143238905          0.998348801645833562026148074789429328                2720     2721.33838072633220469204217240497591           596448149551715.129185875244257206401      
   16561.6525070530339231594818065896952          0.998413619096999046447985779217546869                2730     2731.34330124370842603282152549489449           596486873741840.442375780685774968302      
   16621.8031343471798685990252582933704          0.998475508675710764275949598229384030                2740     2741.34822176108464737360124716580645           596523848719561.940774661153435859829      
   16681.9732468398354219774003231756790          0.998534617570674076577881773115947036                2750     2751.35314227846086871438083150178206           596559162420509.739622917237268481068      
   16742.1619281445111076526508382282671          0.998591084949618150643004410431465607                2760     2761.35806279583709005516045969733971           596592897988304.988466025742537735921      
   16802.3683089149182593820545867996454          0.998645042421194577450233690048177414                2770     2771.36298331321331139594001199503285           596625134050514.101995802008715165951      
   16862.5915642863259823019394712982739          0.998696614469620098974142813565010364                2780     2781.36790383058953273671957433768435           596655944978319.378165408900158214549      
   16922.8309114591512634728509916921192          0.998745918863633267937598006205435495                2790     2791.37282434796575407749910300100301           596685401130843.869971836224489686274      
   16983.0856074171728097624493847746749          0.998793067041255858296542149159450324                2800     2801.37774486534197541827867703513717           596713569085021.177380556278434237355      
   17043.3549467730948833859838182128561          0.998838164471772880027417613562427432                2810     2811.38266538271819675905826133710892           596740511851854.844480840662830293435      
   17103.6382597345199133237813061596871          0.998881310996270411140842597538574481                2820     2821.38758590009441809983781767805144           596766289079867.454052776011117647874      
   17163.9349101837159051999873111679194          0.998922601147998355478675900873261238                2830     2831.39250641747063944061739169018900           596790957246496.434081317899304063674      
   17224.2442938648849833991582015207196          0.998962124453755817919522970265782322                2840     2841.39742693484686078139695779717352           596814569838152.118673405097452938878      
   17284.5658366729514610837081327532494          0.998999965717430158969824290770048650                2850     2851.40234745222308231364412542631324           596837177519613.798894739686677216386      
   17344.8989930381906199238385096375166          0.999036205286757005363561928619473502                2860     2861.40726796959930362905279606156752           596858828293401.392035465438470288901      
   17405.2432444013121741180047739252303          0.999070919304307573787060720195734121                2870     2871.41218848697552475354585742561888           596879567649723.960721011725592752501      
   17465.5980977738945611224495755855121          0.999104179943651603480009733781256948                2880     2881.41710900435174622864962991857345           596899438707571.627761746859255980640      
   17525.9630843793374892206124956114178          0.999136055631588958964478267230825612                2890     2891.42202952172796743393489590156700           596918482347484.432785641003816876939      
   17586.3377583697603560929939414817291          0.999166611257290506090881110312042321                2900     2901.42695003910418872186673319140498           596936737336500.333800406440465845248      
   17646.7216956145230140626523496457012          0.999195908369139117407830032936483551                2910     2911.43187055648041015474045559593506           596954240445754.841448982894288753783      
   17707.1144925562831899026763623541514          0.999224005360014549587642223588965333                2920     2921.43679107385663155306196480287924           596971026561176.621665009345656394959      
   17767.5157651307315301371656852474441          0.999250957641721370147451501792230574                2930     2931.44171159123285285795159813451078           596987128787696.779845185663477517921      
   17827.9251477463610637576198697114265          0.999276817809217000750039174909286948                2940     2941.44663210860907404710459264565741           597002578547364.381601854579193259858      
   17888.3422923208330664538884355090326          0.999301635795257193218505289421635164                2950     2951.45155262598529545280874885361557           597017405671737.015785866918331574698      
   17948.7668673706961262626383899918500          0.999325459016038762655049764494454046                2960     2961.45647314336151702118567142852752           597031638488892.807544382535193002912      
   18009.1985571514000242709883297328776          0.999348332508384069084869762486762326                2970     2971.46139366073773821216795955632372           597045303905389.178752420560665557575      
   18069.6370608447211412682142826194525          0.999370299058978464029140818168377856                2980     2981.46631417811395947428325617027167           597058427483473.773834603974735950587      
   18130.0820917908818366398948971273274          0.999391399326140601359505475308807815                2990     2991.47123469549018073198676798211042           597071033513834.261306883763133902961      
   18190.5333767628031117064059184737983          0.999411671954576054316116359198946144                3000     3001.47615521286640226074113420427622           597083145084156.118451339973592246427      
   18250.9906552800780311094584597284169          0.999431153683536986297595252762045107                3010     3011.48107573024262364180459663949190           597094784143740.964917290624935819433      
   18311.4536789603934384722349257311063          0.999449879448784598376923982257469745                3020     3021.48599624761884485935311800398858           597105971564422.459657079808231411040      
   18371.9222109062596387610603419580024          0.999467882478726630655849687520175979                3030     3031.49091676499506620645601853842797           597116727198002.173769789632902956628      
   18432.3960251250324652371929466785730          0.999485194385079240111713313922168521                3040     3041.49583728237128762383923509655083           597127069930414.136448256216719131652      
   18492.8749059803297819348791613456874          0.999501845248381030374970805460245090                3050     3051.50075779974750903919729028169773           597137017732813.877809124523441309043      
   18553.3586476730553431914726720395238          0.999517863698666788313847852660493079                3060     3061.50567831712373014491084219255870           597146587709775.713159156057707779982      
   18613.8470537503474504823027981105894          0.999533276991589511398275682546093473                3070     3071.51059883449995148949173295477545           597155796144770.678022767830936271233      
   18674.3399366408682534055341092490239          0.999548111080261515104720946974752869                3080     3081.51551935187617296220141011320282           597164658543086.894345325517231362145      
   18734.8371172149423020118580856220186          0.999562390683068721288548976800384109                3090     3091.52043986925239432063465847921787           597173189672344.174746175113909896280      
   18795.3384243681402040419013371132254          0.999576139347696580087139185551235410                3100     3101.52536038662861578452712971139817           597181403600745.325420346763879215503      
   18855.8436946269854047688172794117686          0.999589379511591406668882919118428762                3110     3111.53028090400483700668476172038992           597189313733197.843045714203440403047      
   18916.3527717755394643238542746515114          0.999602132559067160458124530205646406                3120     3121.53520142138105827354819516610353           597196932845431.481987187079900792773      
   18976.8655065016939149093129713587178          0.999614418875254802020595226479461497                3130     3131.54012193875727954544538868778692           597204273116229.468878415739524844787      
   19037.3817560620652794401225579018632          0.999626257897079278483049375611956624                3140     3141.54504245613350097608973518092178           597211346157883.918979201531343176590      
   19097.9013839644541864113024904726580          0.999637668161437861997419066186220415                3150     3151.54996297350972233338257845466359           597218163044979.244337461573358759271      
   19158.4242596668901118221771982310594          0.999648667350742950139775612181583412                3160     3161.55488349088594375756490015225016           597224734341600.999725893652722099139      
   19218.9502582923402107439404626293240          0.999659272335982487744586745840726279                3170     3171.55980400826216508888734677110631           597231070127061.670197070680668540192      
   19279.4792603582143051251077900129947          0.999669499217441844700459335680315783                3180     3181.56472452563838634430612974309002           597237180020229.331003717702122265639      
   19340.0111515198484488468220375284997          0.999679363363222244308947179799930915                3190     3191.56964504301460772131357603300170           597243073202539.890694505493628457100      
   19400.5458223271968769309452443654231          0.999688879445682644997995750747713922                3200     3201.57456556039082900913808939055502           597248758439768.733548775022642370741      
   19461.0831679940067106193122489918738          0.999698061475924299778126450743175805                3210     3211.57948607776705036922381838682762           597254244102632.989394065083864294053      
   19521.6230881787916574678422440615352          0.999706922836430020260435468261566405                3220     3221.58440659514327170805916084167702           597259538186291.360548887182666312609      
   19582.1654867769603760050308461770944          0.999715476311963424794739048134519699                3230     3231.58932711251949307937961118782781           597264648328804.402632635222410669644      
   19642.7102717234922009782057594419550          0.999723734118827124670461949026698931                3240     3241.59424762989571441797872718195168           597269581828614.378388996581782817256      
   19703.2573548055877878055889185776845          0.999731707932572871526824723287438828                3250     3251.59916814727193577064708805825799           597274345661100.259338657626429359656      
   19763.8066514847549941809061227169239          0.999739408914251127976793740741827732                3260     3261.60408866464815709093515385974528           597278946494260.128437631861773692899      
   19824.3580807278211513167948893787495          0.999746847735282308410525154400391156                3270     3271.60900918202437841805971150450801           597283390703570.120623955883110564537      
   19884.9115648463918619284618525068860          0.999754034601027045938357122309719495                3280     3281.61392969940059977528430446357208           597287684386066.116627333181111143574      
   19945.4670293443037421458815449160381          0.999760979273128253810209840990875697                3290     3291.61885021677682112412250543076436           597291833373691.664242047705224247442      
   20006.0244027726441816583906961288717          0.999767691090693446068254543906034840                3300     3301.62377073415304246405407570649303           597295843245953.030247999220044805642      
   20066.5836165919353352207356996888136          0.999774178990381744558024331328188420                3310     3311.62869125152926379537551377414409           597299719341919.874078711966827247336      
   20127.1446050411022770510654609335903          0.999780451525456210806795739783422033                3320     3321.63361176890548513629403752614395           597303466771607.770711769628392145059      
   20187.7073050128666242353753728958964          0.999786516883858585831648548988293706                3330     3331.63853228628170648191284885627043           597307090426776.686220800513436719054      
   20248.2716559352270550809068032619177          0.999792382905360183841260658084897367                3340     3341.64345280365792781527918102375491           597310594991177.515649476338879236793      
   20308.8375996587070844273139056580323          0.999798057097839553177904745587850500                3350     3351.64837332103414916305275929055323           597313984950276.921376624377211269679      
   20369.4050803490682834938012200358194          0.999803546652734576738437534281096623                3360     3361.65329383841037050856746233320030           597317264600488.953085793031747763185      
   20429.9740443852039184072300147215989          0.999808858459713922382857928376241489                3370     3371.65821435578659184166836227012226           597320438057940.280332404595229294549      
   20490.5444402619437827946209953745033          0.999813999120610160136619624814585301                3380     3381.66313487316281318218816678423945           597323509266794.319292703952828295193      
   20551.1162184975158837711203085829703          0.999818974962654426704647927790611418                3390     3391.66805539053903451950170051239107           597326482007158.079717171876517069836      
   20611.6893315454246604901412107249233          0.999823792051050229012223260324106667                3400     3401.67297590791525586719242553769872           597329359902594.190610423568185697782      
   20672.2637337105186172501503560586313          0.999828456200921827883580793083433648                3410     3411.67789642529147720346008937569938           597332146427259.278465795438137426088      
   20732.8393810690326975678953316226416          0.999832972988670621877910986339803917                3420     3421.68281694266769854701062820570716           597334844912688.664243774223924114751      
   20793.4162313924024459575374983668969          0.999837347762771051598035494282978930                3430     3431.68773746004391988565775355880152           597337458554246.210521666198837687509      
   20853.9942440746580562145839156964770          0.999841585654035758869901910772852855                3440     3441.69265797742014122877129311494806           597339990417257.083078561900804823192      
   20914.5733800632168163732637125758411          0.999845691585378055949485968211578100                3450     3451.69757849479636256707400606198953           597342443442840.188113586039975287786      
   20975.1536017929022807450646304936124          0.999849670281098180696527399641013258                3460     3461.70249901217258390829985645156235           597344820453456.102681761571821876067      
   21035.7348731230277547065684402370593          0.999853526275718328236838732547131407                3470     3471.70741952954880524827150058255513           597347124158185.428599528223993699147      
   21096.3171592773904092483593572107200          0.999857263922390052193518144032965718                3480     3481.71234004692502659236394453435304           597349357157751.665103292692837021823      
   21156.9004267870305748761381651093802          0.999860887400896313651837349334695837                3490     3491.71726056430124793191302351090417           597351521949301.910041204107363163448      
   21217.4846434356185329888302163515943          0.999864400725269218532871063861313516                3500     3501.72218108167746927224213981021400           597353620930957.959992837822106415179      
