 T n_h1/n_h Pressure_Initial Pressure_Calc
   1212.34549175262787721970501671762723           2.24861916633932637209942498031783902E-0026           100     100.049205173762213407795667480816943      
   1333.58004092789066494166359504570589           8.96333962229742578033891072559659439E-0024           110     110.054125691138434748575234228898633      
   1454.81459010315345266171907467282693           1.32455236198077200311028733657641280E-0021           120     120.059046208514656089354800976980324      
   1576.04913927841624024188767833148497           9.11956837250510070603431965936221477E-0020           130     130.063966725890877430134367725062002      
   1697.28368845367902226147092173145624           3.44439540638301241190110369797824301E-0018           140     140.068887243267098770913934473143717      
   1818.51823762894166953216330675389566           8.04486813670687244064952637938302977E-0017           150     150.073807760643320111693501221225383      
   1939.75278680420213763325210647068471           1.27125389005192029442623480675782684E-0015           160     160.078728278019541452473067969307123      
   2060.98733597943738623659530231477476           1.45585741258391755998678032666777127E-0014           170     170.083648795395762793252634717388765      
   2182.22188515445200578854778300698990           1.27472466853024790561100537049119082E-0013           180     180.088569312771984134032201465470480      
   2303.45643432794247690181225192240424           8.90179551507594933762675088136068730E-0013           190     190.093489830148205474811768213552170      
   2424.69098349282072927017361102489925           5.12849895260613766159950176860681819E-0012           200     200.098410347524426815591334961633910      
   2545.92553261673704677266611087304231           2.50523805867797669207206088255177140E-0011           210     210.103330864900648156370901709719101      
   2667.16008157274734793848468031800507           1.06118108133190656971477943454828295E-0010           220     220.108251382276869497150468458042948      
   2788.39462992388101053728816462006175           3.97061124414178536923718547158334789E-0010           230     230.113171899653090837930035217693382      
   2909.62917632839912766937260760653055           1.33278419435956134917860210620719034E-0009           240     240.118092417029312178709602365674377      
   3030.86371705905017204754066348118732           4.06567918301476140642839900989708962E-0009           250     250.123012934405533519489179507692815      
   3152.09824263588107248386422352488325           1.13958857380819361909636058993888957E-0008           260     260.127933451781754860268956098747736      
   3273.33273075692785637919545337972620           2.96258203453974699168999095064297756E-0008           270     270.132853969157976201051905281361473      
   3394.56713246837561597102223718184695           7.20088815160652804840978577089966964E-0008           280     280.137774486534197541876018115220212      
   3515.80134675305682533513923474062890           1.64778810541623089997313251687148153E-0007           290     290.142695003910418882875757990822288      
   3637.03517637513936398595860542267914           3.57126802815864811912155997924486246E-0007           300     300.147615521286640224652687510887267      
   3758.26825489430348714340736881025859           7.36918882606528914544166984434548391E-0007           310     310.152536038662861569270005715892956      
   3879.49993131624117568113939430913254           1.45438645906028211925185240630127981E-0006           320     320.157456556039082922587858423906588      
   4000.72909501364322689340175222975406           2.75644008051261287436345153344907656E-0006           330     330.162377073415304297547767511941770      
   4121.95391954460464933323010033755114           5.03460609584616044871602266809517676E-0006           340     340.167297590791525836293169182382464      
   4243.17150010129410197327909702335999           8.88982048040678694353867264221205940E-0006           350     350.172218108167747800193081736393316      
   4364.37735590866994436902550499700947           1.52173827729443758956188036016103947E-0005           360     360.177138625543969877083641195685107      
   4485.56476642317005155388228526850066           2.53152205945255822626494634547215187E-0005           370     370.182059142920184658022717103289589      
   4606.72390924029813082037249484223678           4.10181776486780867981406627054710707E-0005           380     380.186979660296396814818758366979056      
   4727.84076896227553111833732535036713           6.48602370421752899005147286086222552E-0005           390     390.191900177672579759034003623013905      
   4848.89579088129863848870474291828974           1.00265328474993467427090812851282694E-0004           400     400.196820695048924293643821363729783      
   4969.86226245308113765069798538569372           1.51765520423948507524745518001113804E-0004           410     410.201741212425353500968131936247645      
   5090.70442070585261726210616199028268           2.25242827009650668820452778527153743E-0004           420     420.206661729801778691479571693228174      
   5211.37530668943208992730233733269458           3.28187425818562545049772071675084801E-0004           430     430.211582247178264054572678362839005      
   5331.81442050420017516092832496520341           4.69960694384205203125615108543107898E-0004           440     440.216502764555834145665832737623841      
   5451.94527348388429972977413126984353           6.62046154527775335507966223102325471E-0004           450     450.221423281935302881707741320049866      
   5571.67298744618536745472972604823290           9.18265416420657134705998431653294325E-0004           460     460.226343799312299313041150721140751      
   5690.88215166322666026187284231673286           1.25493014684781835260839904131313448E-0003           470     470.231264316695276871174023551757116      
   5809.43520943379620134395364980794599           1.69089603808025414134196056988082221E-0003           480     480.236184834083210974190157612153883      
   5927.17169585646170830023975860501722           2.24748234326357656748482612600070120E-0003           490     490.241105351477275057795974141417676      
   6043.90866948616370272714301893333479           2.94822278927988944788249694746233635E-0003           500     500.246025868706236739812962444388505      
   6159.44265295237987126423102695384297           3.81842259256858492577888064826004696E-0003           510     510.250946385992664490776589322647796      
   6273.55330346265339752476507999369495           4.88451315624255855577244186395351829E-0003           520     520.255866903245022284380506628883386      
   6386.00886588240443365207667649591499           6.17322043062428970655412813417442904E-0003           530     530.260787420484999441617267672616941      
   6496.57322995031681904765058199656863           7.71059198965943336242153018739393093E-0003           540     540.265707937756191949565375456475309      
   6605.01415438583024622698754173840182           9.52095616960512217546728808646596953E-0003           550     550.270628456509657306785552862430116      
   6711.11198954042134925089408367344896           1.16259070638672987365285952628708846E-0002           560     560.275548974001570199933695954292065      
   6814.66808875811621691411557397170351           1.40434153228095515206955351906126480E-0002           570     570.280469492562573331924193182734743      
   6915.51209231818159864871473786759001           1.67871530368295026992363954041897824E-0002           580     580.285390005735441070362921503495090      
   7013.50740949026788110685793683599356           1.98660931916803359722185211484604786E-0002           590     590.290310520842825452285128625342151      
   7108.55448123237199029899000490116575           2.32844061038709708400950901105945877E-0002           600     600.295231048276697393044342495704693      
   7200.59171809235593245158082780178867           2.70416361969698257106545559588817631E-0002           610     610.300151563654334342935741768313324      
