 T n1/n ionization_energy
         100     1.64665154962668970487181542778916496E-0341     9.36435673945232018144101122480362463E-0326
         200     5.95249132646764929816159492336044598E-0170     3.38512736845726964500745927333792365E-0154
         300     1.04121860351669086003137485623377321E-0112     5.92131495536815009545422891356785597E-0097
         400     4.64123457093359212442895963882944549E-0084     2.63942764597369347084924680921660152E-0068
         500     7.45673140461499652602319542521419756E-0067     4.24057494124502001343956858370307447E-0051
         600     2.25990096846948531185978136353766649E-0055     1.28518500889758844618530662422786903E-0039
         700     3.65579327190274154107861822762435206E-0047     2.07901619328922792838372180572285381E-0031
         800     5.31480299812589019685130576067266168E-0041     3.02247984922157971654738260099475920E-0025
         900     3.33489970809707559809332163890468847E-0036     1.89652695884544338305837715948765466E-0020
        1000     2.31625258326227985081702505662704005E-0032     1.31723165676814491199609083218028644E-0016
        1100     3.24312425360038320396851650169397984E-0029     1.84433509736587056411652363034207561E-0013
        1200     1.36536658533576699053786130976970789E-0026     7.76471487735862457339106896477782444E-0011
        1300     2.27976017437757071420503462205696997E-0024     1.29647875764046678000292536028217426E-0008
        1400     1.83992653741188950947790940442507714E-0022     1.04634939156473809251055149304585122E-0006
        1500     8.29868579292246831860939368823168849E-0021     4.71938670031122821258891387671190725E-0005
        1600     2.33238477335431112573689767070826584E-0019     1.32640588570836528562502351469582388E-0003
        1700     4.43959599202815985412351665315327102E-0018     2.52475763058793999461446305347200185E-0002
        1800     6.10632926595870079463976218472792467E-0017    0.347261359745229178041930767542646479      
        1900     6.38755255793311836183794273807318407E-0016     3.63254271117939673944322016685930579      
        2000     5.29408443095790362225223133854441652E-0015     30.1069738959098478067346784262528617      
        2100     3.59377644446909476299719361654562873E-0014     204.374779081091475267339038079188812      
        2200     2.05306154513679630739809955820889107E-0013     1167.55732085945955165503722148112467      
        2300     1.00944734471168252168945604272720648E-0012     5740.63471273939630941479495106823486      
        2400     4.35226704797796922826746850696746392E-0012     24750.9445892596603795138651200365344      
        2500     1.67155184543139372173177270677297042E-0011     95059.6244400225927563285855787027696      
        2600     5.79523552348330936968699217519572690E-0011     329569.743175765392760551489316196221      
        2700     1.83438434893484579203971969075228104E-0010     1043197.59967360694885735733552670458      
        2800     5.35298661275898178718062600534247570E-0010     3044194.52158848724918854956520206033      
        2900     1.45220169901914266502122624845916950E-0009     8258538.22585416798326533397234900975      
        3000     3.68923761372406526658943858960530052E-0009     20980356.8455937926262569391377408034      
        3100     8.83229804021770242587188945274182448E-0009     50228471.0426531750081993755042296932      
        3200     2.00374765166742722230176214113908891E-0008     113951296.072976407146016802759372070      
        3300     4.32871523957202486341618555816051539E-0008     246170076.091970023311481404153015703      
        3400     8.94309724406199099608467602767931694E-0008     508585759.798394544947014754891073992      
        3500     1.77371270304384047166938165556056230E-0007     1008694189.63388694112280416355731273      
        3600     3.38855976288589561511169497607231194E-0007     1927042941.16210210648956671601865999      
        3700     6.25453823028323492222057280812410083E-0007     3556898679.75973833981994525382328215      
        3800     1.11840089085993670447454563744263956E-0006     6360243563.43518547035062971162118214      
        3900     1.94211837579032584940859253699236518E-0006     11044649552.7662868559916086609633599      
        4000     3.28230459803362624053646997655539283E-0006     18666166008.5279114376428968688188894      
        4100     5.40957532202626957925351947285267147E-0006     30763760029.1792644876426271842726378      
        4200     8.70971111852467268552522153794872407E-0006     49531330432.3127015522351971701106506      
        4300     1.37215713154143252353884903140167722E-0005     78033320924.8225083117735409589548111      
        4400     2.11837472648994353980326847306213295E-0005     120470032965.923109837010287460786514      
        4500     3.20909968985134710961673768025582317E-0005     182498563919.286214766332213470704315      
        4600     4.77614308203219833818516252676613513E-0005     271614888219.407777175817557002042369      
        4700     6.99152344042655326769859910889092321E-0005     397601542738.292999538026331710461848      
        4800     1.00765765693659434653554383736441268E-0004     573045692206.962051182143790360776382      
        4900     1.43123415993454351598078828470680693E-0004     813929774903.251760367705752978429861      
        5000     2.00512655991325728010291884180356188E-0004     1140297133235.95413183718815829126820      
        5100     2.77302335708212621282802601201490401E-0004     1576993017644.67313645564030302567613      
        5200     3.78849090413486972243796176359281188E-0004     2154480122921.69993394789343603080341      
        5300     5.11653381055602967672134982989300883E-0004     2909725975867.71311573250236445359770      
        5400     6.83527552112212741497790447967577278E-0004     3887158664912.72104583782347332423350      
        5500     9.03774643746048960208904510195206352E-0004     5139683728490.17762473511303462059151      
        5600     1.18337702293560991227957021263928439E-0003     6729756883022.63407397871272454488578      
        5700     1.53519279278647984149573298510149885E-0003     8730500984709.17400441946573311266224      
        5800     1.97415690598500222031947179161624544E-0003     11226849743340.1101621851020569521660      
        5900     2.51748647037294235608647019989515826E-0003     14316715276320.2838740233589853901231      
        6000     3.18488764218360103484334227958397288E-0003     18112164691577.8092387108511242212774      
        6100     3.99875578027334585447177599039183917E-0003     22740558346370.1910717754329647454952      
        6200     4.98437106851244906735854313262643390E-0003     28345662333926.9576048886930074395764      
        6300     6.17008076512163255033274755862794150E-0003     35088684918755.7958459738107534290949      
        6400     7.58746623620518796247204355987241012E-0003     43149226441066.4370643819660735035588      
        6500     9.27148561033675112629034878216158501E-0003     52726090580350.9892289260177795593169      
        6600     1.12605880745267863572522670974545212E-0002     64037934346096.0866138870786365753200      
        6700     1.35967909056355416895817007232771735E-0002     77323706148382.1130164787756001876934      
        6800     1.63257131063084783766537441550922011E-0002     92842837082371.2274314566289561874717      
        6900     1.94965548844863182341518408752281172E-0002     110875124230158.063070986870867656456      
        7000     2.31620073786897310704768198053937360E-0002     131720217276721.395431781381978560166      
        7100     2.73781389948744191088861514142416771E-0002     155696972118016.055340080010803448322      
        7200     3.22040791393468615752354037054042706E-0002     183141652278994.497914595627657678814      
        7300     3.77017547278920967031528474370850422E-0002     214406430465118.658164496147021119875      
        7400     4.39354240056439431658781353096254381E-0002     249856737438604.545430886896521909522      
        7500     5.09711510435752501697580593136784787E-0002     289868273528031.396568459583687154277      
        7600     5.88761110726019686017121716893803338E-0002     334823058126934.329748207741272714535      
        7700     6.77177058772486307127269043045824227E-0002     385104399018497.048543858582904354185      
        7800     7.75628105720165477443452922515563076E-0002     441092608861657.003409914169541906719      
        7900     8.84764581458306472028482953504833230E-0002     503157524315702.516046437207603447492      
        8000    0.100520764036802691740844263928933578           571652390195323.001480779857961777245      
        8100    0.113753336214068958845562476418814264           646904817751453.584388673032998611423      
        8200    0.128225962653813493072410285739232901           729209320467479.136814776557839687019      
        8300    0.143982894253642683077628508712997517           818817549150348.550887220050113661962      
        8400    0.161058995650580510198453096396645857           915927775801662.951931111693227398384      
        8500    0.179478016538370043876688717216881614           1020675062757296.16892268954422936318      
        8600    0.199250896518039575306068707322408177           1133121622527623.83217828988062587697      
        8700    0.220373497363341570600225641936065383           1253243921398509.96811445945418587522      
        8800    0.242825580718940782603889601189888401           1380926865694415.25684702317567811424      
        8900    0.266568396895906053223313488247805457           1515950089478917.72972004711174034020      
        9000    0.291544112774610150352632406791727944           1657984701090835.27332967403086913440      
        9100    0.317674437221918259580230040676078545           1806585466017513.05865770712072112831      
        9200    0.344860139203792192541860304503136083           1961188066445283.10146001990776403585      
        9300    0.372981334427266003271660786668610106           2121110731366159.74464705948227187743      
        9400    0.401897865893507848819132565260676809           2285556400748292.33334520603209623736      
        9500    0.431450839261658142138904009449807165           2453621457009669.27690287680334695584      
        9600    0.461464190487880223630647985589151698           2624304640038003.41124346805005226662      
        9700    0.491749116294650109767782504141121716           2796532242864316.85651772467872800375      
        9800    0.522105425406020666018828866934785230           2969165796014287.54939214721955615837      
        9900    0.552328871657888152246243847574458126           3141043770235557.42155403676343675828      
       10000    0.582213033614281685060978856245144285           3310992265703637.43866985570773237143      
       10100    0.611556365429363904249558337691839253           3477865109629145.66952965244210445404      
       10200    0.640167733455615766418181505510701565           3640575342442107.01439872175217462528      
       10300    0.667869754822610248609399514664798816           3798114203984051.23065414687016079194      
       10400    0.694504951857266974571337056256890708           3949586133133041.00693257318707435257      
       10500    0.719939341119683926773161422874485336           4094229178322148.95829775294601597310      
       10600    0.744064045411524376868244124808101242           4231424164883699.72057443299808717754      
       10700    0.766798425025054868939263726173296176           4360712502176125.89602742868287435247      
       10800    0.788088618050134723514625606010569264           4481787882443339.07911905411043599658      
       10900    0.807908725526188731512270092913338207           4594503020665589.79576011497808532211      
       11000    0.826257434685204304733293244549185691           4698850451251272.58169139433673315142      
       11100    0.843155999508023458718599924115035791           4794951043645281.98095739969141976852      
       11200    0.858645192755100375594457719982608623           4883036668806736.06274127652806104401      
       11300    0.872780862445594605372460016403565225           4963424929312039.26352806165766367967      
       11400    0.885631145368704510507508340367735051           5036503312848722.67066295903492588373      
       11500    0.897272686685668010111615344928106875           5102707693437824.57474945596558618677      
       11600    0.907787353710563427898177701955732112           5162503643005903.45943944259571441353      
       11700    0.917259338039235863045588816250104721           5216369951457317.68011765136605547514      
       11800    0.925773363553607511085082475513891533           5264788435758656.52007976402005059915      
       11900    0.933412239422196606134142715445461636           5308230024076524.48705750424751311032      
       12000    0.940255804565956500104211735717269111           5347148753051320.46725359677549270932      
       12100    0.946379703739081233921331905181575014           5381974807480733.91337717965727770620      
       12200    0.951854797670322093924009390982847824           5413111165847367.92809005499535709039      
       12300    0.956746890372612277766658979355400084           5440932049553518.39955213248543026538      
       12400    0.961116376294954343593000190177226658           5465780916306233.81115839171646311485      
       12500    0.965018482746671126032927229178291698           5487971838761855.05723807683962211200      
       12600    0.968503239825609730911286687981024815           5507789333510462.30224231033996167527      
       12700    0.971615849186204136421616911786700183           5525490458226114.87027274742862976813      
       12800    0.974397001401969076746368030865485368           5541306616478324.03191947963051244407      
       12900    0.976883104134136492793241275405340177           5555444855306217.35220517260572961095      
       13000    0.979106680857160089635404911530813237           5568090132734010.70436901535360799034      
       13100    0.981096735943763841253455363727856002           5579407393976283.88736235653074803115      
       13200    0.982879101204723308884178250231488049           5589543542178018.13561208246513761604      
       13300    0.984476699342502592763914441198794696           5598628936651330.71025213919543427402      
       13400    0.985909912838365839358258262630725305           5606779490702735.02769564623211887185      
       13500    0.987196794298178783600531253640058830           5614097867850473.18157698043923917782      
       13600    0.988353354762011698956049827405681106           5620675121414855.52997823619967300568      
       13700    0.989393801728597224604549989648676207           5626592048141579.67495578217041200635      
       13800    0.990330702359494687813033267148764593           5631920116328884.27682203034683479544      
       13900    0.991175219289131219583212696169931103           5636722806857682.75332559033391495798      
       14000    0.991937231728968197095889838005960633           5641056301899880.14132210741852298339      
       14100    0.992625506531221898589697163050475778           5644970457742104.84103304764259582439      
       14200    0.993247821895811744777137103293866418           5648509508295807.48560386031339046811      
       14300    0.993811083016114149649966134972381799           5651712722764084.68857338247202539826      
       14400    0.994321422902081438861295073555678167           5654614979013533.79359290339851445376      
       14500    0.994784292888262860630042805694615164           5657247278285089.37174229233404421265      
       14600    0.995204541941253101266708254809772239           5659637196208228.48159240476780492812      
       14700    0.995586486568616996500742686051451348           5661809280366630.76092192434598946923      
       14800    0.995933972976210939457803747655186364           5663785403781179.59053652159137046476      
       14900    0.996250429552327446253072661316210342           5665585063382491.38477145790280849538      
       15000    0.996538917018506768210590861712425937           5667225665213993.81187103943315123023      
       15100    0.996802169019817779628106752337548727           5668722755265140.30969830929304601602      
       15200    0.997042628956965372393750116372443380           5670090228932235.71530080205095299475      
       15300    0.997262484198373918320413357968615442           5671340525579425.45163183382095561241      
       15400    0.997463693588459818857040455008759024           5672484784975725.26828692083380838249      
       15500    0.997648013494248706958713537551098625           5673532995419750.72028352840662566818      
       15600    0.997817019769272305194700263715633352           5674494118646389.50835594435514527747      
       15700    0.997972128338676901050525921515692617           5675376206892430.40740333980697533960      
       15800    0.998114611962916028799388442399871337           5676186498230150.13201644014628252394      
       15900    0.998245616058019819689245717674495140           5676931506535738.01197220893345384875      
       16000    0.998366172505571364149512664054350697           5677617100025368.33153711090191265078      
       16100    0.998477211571117286519087588537573101           5678248569034111.06156265432383691092      
       16200    0.998579572881060057811585944938316532           5678830688440514.35879389479867235171      
       16300    0.998674014859056007500340259577359375           5679367771330536.88831290372533337242      
       16400    0.998761223061718379078452146847479425           5679863716401928.61321076333517816458      
       16500    0.998841818179048393628567929962631862           5680322053461950.43396609174024763055      
       16600    0.998916362061076725820440562425062687           5680745977700332.99069746583242001246      
       16700    0.998985364217633265396218945524064189           5681138386652872.74677446799848297334      
       16800    0.999049288046240649691768635198637645           5681501915618892.82749922133230042597      
       16900    0.999108551511300989752274793134799072           5681838941523715.80464244069337741930      
       17000    0.999163537166621864561215357532646792           5682151639915852.24047497846636152561      
       17100    0.999214592375950920451906198391931838           5682441986221160.78177806700374666542      
       17200    0.999262033062378178057472140030968006           5682711777065356.11240009953619785766      
       17300    0.999306147533940571072594166282136788           5682962652029872.02772107285356525605      
       17400    0.999347198412329696639574490098512767           5683196104620245.98744779318821022506      
       17500    0.999385425495164237760806497966656890           5683413498543600.56276235310194275101      
       17600    0.999421047842889278743974223458619465           5683616079576648.94943638798616006996      
       17700    0.999454265847062408368631260913784511           5683804987327848.84531320831424340816      
       17800    0.999485262731054035680629939066118768           5683981263771747.87347504289863424961      
       17900    0.999514206219046111593259693943348897           5684145862740426.64456316375738332419      
       18000    0.999541250162043200327314567085970901           5684299659170474.98481828455737557490      
       18100    0.999566535503442684071440614301692711           5684443454594101.36689812978105309192      
       18200    0.999590191687108251004513804486052311           5684577985146718.03630919515686098758      
       18300    0.999612337553120944652777399190914981           5684703926660995.29254513435822631588      
       18400    0.999633082401857948448435128135187272           5684821900718180.20296311920091988402      
       18500    0.999652526614309818397052102151758015           5684932478175783.96301758836637865995      
       18600    0.999670762724497279145960959986044186           5685036185266318.11889445594735744208      
       18700    0.999687875890478023666415431470454779           5685133506275867.15315097094394992689      
       18800    0.999703944631304375166514811736640735           5685224887735099.29668128838744827619      
       18900    0.999719041308794690104847632580256001           5685310741159056.42883772190741901130      
       19000    0.999733232764408411419015828849988527           5685391446669004.24861095449365469383      
       19100    0.999746580726136215485569250483821815           5685467355306379.32114684892320755939      
       19200    0.999759142214482824583776551615242247           5685538791341576.19597969773889595355      
       19300    0.999770969981243324779618829749904578           5685606054769228.19088753462032460699      
       19400    0.999782112796835441289515957690993070           5685669422942239.75889441950280856104      
       19500    0.999792615879563753675819100692815656           5685729153012972.81423171521233712270      
       19600    0.999802521082807146503490913174536876           5685785482997764.64172527829658554573      
       19700    0.999811867207894394296732479534014211           5685838633556222.72894310163709010505      
       19800    0.999820690264424596247019959937848625           5685888809471643.26622831542925719760      
       19900    0.999829023658550537042989208089953044           5685936200721761.39699578764338572766      
       20000    0.999836898415787887983894255632061868           5685980983745846.76355772518019681110      
       20100    0.999844343394659712534264932214262970           5686023322659680.26762365947610507102      
       20200    0.999851385398316087725730799499576167           5686063369890324.64709081407190821491      
       20300    0.999858049350494937010992465920024412           5686101267176797.63691368331211950862      
       20400    0.999864358488204579138358995224712556           5686137146665839.99940600299534386886      
       20500    0.999870334439370586089197131639610998           5686171131353486.10278160340172070187      
       20600    0.999875997315167525064131679539587001           5686203335610146.09201798201469721817      
       20700    0.999881365960672274427087529601281539           5686233866606048.36875364063567738458      
       20800    0.999886457843789070426859295913224831           5686262823679566.49229332172190966733      
       20900    0.999891289364730319163062255646146979           5686290300097208.24828592690307698092      
       21000    0.999895875764321309820630895768576213           5686316382532152.94048293176368513539      
       21100    0.999900231334653210361888081288350913           5686341152262215.70829060926194433324      
       21200    0.999904369401702573607198777870750525           5686364685071006.24768731253298043645      
       21300    0.999908302451877319966214007401906293           5686387051967584.23954320412562432347      
       21400    0.999912042138992501322327264081964952           5686408319226129.88074084854906222602      
       21500    0.999915599408322078902876799246287085           5686428549091414.99760126199500701472      
       21600    0.999918984483415238982630314297261677           5686447799703828.63923371755039949237      
       21700    0.999922206963520588197723424994188766           5686466125653419.56465491049548583759      
       21800    0.999925275834907005664178869970981062           5686483578044276.89324073869809027509      
       21900    0.999928199520675626965348951002449580           5686500204777806.30123797358191427721      
       22000    0.999930985941361565187692502703701406           5686516050897366.46590597537918645304      
       22100    0.999933642521335706726513523232472668           5686531158624675.49267589207399562889      
       22200    0.999936176243332749235651272379387101           5686545567669906.87915655631525535009      
       22300    0.999938593648960129216100067811099843           5686559315234583.73977810564754955744      
       22400    0.999940900910717610008424440954026700           5686572436421147.61489567449259361666      
       22500    0.999943103815078493795739271327295138           5686584964136742.87105356887753915968      
       22600    0.999945207814781728855658022928480740           5686596929390597.13163919573170407284      
       22700    0.999947218037835072131472306352463715           5686608361345221.43888389649306420136      
       22800    0.999949139320314302899232175167702831           5686619287502936.38176273996118431208      
       22900    0.999950976206442748623621746134798170           5686629733706324.35226246095734926184      
       23000    0.999952732989268708919078621291933824           5686639724369558.33458414584266596078      
       23100    0.999954413705690434876676234569030827           5686649282450109.41765261205696327645      
       23200    0.999956022172819340876665015827947722           5686658429655541.05446174471702168712      
       23300    0.999957561982549675029900615884184429           5686667186412627.27460052421902482207      
       23400    0.999959036537001967897827720409726380           5686675572068916.33502398559836107927      
       23500    0.999960449033976309522273840152253511           5686683604810004.83714624964667059062      
       23600    0.999961802505277784618318663888672018           5686691301877490.97106037831950634594      
       23700    0.999963099810221953439460997881208184           5686698679532040.77928824715700663155      
       23800    0.999964343656614071911532217402819661           5686705753172695.06266115173833119046      
       23900    0.999965536595280179573143597833565326           5686712537305768.17769199337401366413      
       24000    0.999966681050998946216001793141957084           5686719045720754.61900652364989069976      
       24100    0.999967779309122412184687027673552084           5686725291414242.39326203485099148292      
       24200    0.999968833539574762431122149736001631           5686731286726391.85196812870171222554      
       24300    0.999969845790897537034356517689014102           5686737043307071.34841199393723949404      
       24400    0.999970818009695780270491249039658470           5686742572226445.70863189962641162656      
       24500    0.999971752036620470812365488208505107           5686747883952128.67945982007495123785      
       24600    0.999972649618352718339661001919784814           5686752988417335.95841910616037927998      
       24700    0.999973512409391157520350818107656391           5686757895031049.93979965204318201537      
       24800    0.999974341980863140228433837687265957           5686762612728128.15881868859344252382      
       24900    0.999975139821911131735151232528383385           5686767149977187.59994315529606570027      
       25000    0.999975907347605795888154039381082653           5686771514825605.68847422683878762868      
       25100    0.999976645901465306569213928693173228           5686775714913847.38435968752649745869      
       25200    0.999977356759480352033258695260421124           5686779757498355.01369296144221823948      
       25300    0.999978041131162498615441747141462386           5686783649457510.21721880513192543243      
       25400    0.999978700171468659851318543734457905           5686787397359447.31545917818363628914      
       25500    0.999979334971736677965505601532091695           5686791007410504.78978394334023836569      
       25600    0.999979946574986766119791111929138599           5686794485542243.18481524574040769301      
       25700    0.999980535972040583930313155090723726           5686797837389374.64589143062843149771      
       25800    0.999981104104508641539171227181059180           5686801068306752.01275708658789999339      
       25900    0.999981651868686198472086852435730589           5686804183391524.43999909327100034627      
       26000    0.999982180120106378791112878333538417           5686807187509030.54643541707144607442      
       26100    0.999982689671357022326972297842282491           5686810085280383.04777141915645548298      
       26200    0.999983181297584123637672496507803629           5686812881113766.31054437243662170749      
       26300    0.999983655737391454145217463416635455           5686815579209552.42092429035718535984      
       26400    0.999984113692909861469798836773070646           5686818183560695.28368849051925419842      
       26500    0.999984555835495833809233113340405234           5686820697985137.83658572879651475762      
       26600    0.999984982805386059688307789327343542           5686823126123847.56322900174530789348      
       26700    0.999985395214980673029991550682272517           5686825471459488.00748900223701360387      
       26800    0.999985793643611529218715550398578606           5686827737286666.43802467976519762673      
       26900    0.999986178649183069512589030176547282           5686829926778134.37937695931305123482      
       27000    0.999986550761144573385545146507782851           5686832042944821.45388391960093781019      
       27100    0.999986910488141139088769827784404591           5686834088679345.80827959469967287833      
       27200    0.999987258313050896725455479664710024           5686836066727791.19840844692437288425      
       27300    0.999987594698717497551479794416906197           5686837979722307.13151340579138680580      
       27400    0.999987920086128172196540289106331872           5686839830170747.64999696399222648899      
       27500    0.999988234899509326641181487750135088           5686841620485649.51963581119346675171      
       27600    0.999988539543121332655887259453508156           5686843352966004.49599636847333898951      
       27700    0.999988834402377064456649902953727812           5686845029803620.34007970569848933965      
       27800    0.999989119847235956389952505216044013           5686846653102422.51391321664873668672      
       27900    0.999989396231686947039329624103976971           5686848224875513.73098100624013990015      
       28000    0.999989663893416524624047973799684142           5686849747043286.16077089291599072456      
       28100    0.999989923158984222653066157658552111           5686851221462853.99914313753730401441      
       28200    0.999990174335719712034493707672379201           5686852649881972.97234988759948889816      
       28300    0.999990417724247511167632661004773734           5686854034010267.21766252413793230926      
       28400    0.999990653606458710708931343164763761           5686855375450825.58237161473553106933      
       28500    0.999990882257421305518393789499966878           5686856675767934.59209873319754056497      
       28600    0.999991103936933434909150511298347930           5686857936439042.50074169604730317442      
       28700    0.999991318895967087705938969999250713           5686859158891404.05172056171912840870      
       28800    0.999991527376891454147162657761977037           5686860344503350.65981409171950678675      
       28900    0.999991729608649009642500175828301402           5686861494576857.24074477848311109582      
       29000    0.999991925812614352263669999637532467           5686862610370860.88406652288569511147      
       29100    0.999992116201184631074046551434554544           5686863693093244.74801215478389199588      
       29200    0.999992300978187566848825189588972933           5686864743903158.43600635065548228649      
       29300    0.999992480339269004586474682880066927           5686865763913221.97234788065213751534      
       29400    0.999992654472261118060666787849998981           5686866754191619.74781585446907183207      
       29500    0.999992823556824146428451175933651603           5686867715760063.10853164738218292872      
       29600    0.999992987766254473876915775795160209           5686868649604072.73951995714934898058      
       29700    0.999993147267699067298872447220656958           5686869556674198.15215528585928744017      
       29800    0.999993302219760403218863462499499719           5686870437872397.12267337443180706749      
       29900    0.999993452777488306092868132573818342           5686871294080423.81996588482357094050      
       30000    0.999993599087368329351303608518738948           5686872126131328.18699708042620078689      
       30100    0.999993741292120743739868514330751094           5686872934836747.34852291535653644357      
       30200    0.999993879527778733858667027448655325           5686873720970289.58207359511752102509      
       30300    0.999994013925787438575649460189755661           5686874485279471.36878041444210048639      
       30400    0.999994144613147128606288620681438092           5686875228486531.63117457074916725069      
       30500    0.999994271710940255035933219983053343           5686875951280055.19286828904560957519      
       30600    0.999994395336251749657370778254060013           5686876654325893.35091993859468123725      
       30700    0.999994515601269894503723752635467956           5686877338262050.60311329251716556260      
       30800    0.999994632615026970169051892113761328           5686878003708583.55573540246611001416      
       30900    0.999994746481507936379771951213650194           5686878651256845.16298991096276643081      
       31000    0.999994857301831805047997842923737528           5686879281481889.99601582866079279091      
       31100    0.999994965172909925288452100877376682           5686879894934844.03250868537786438806      
       31200    0.999995070187214051856105055140333239           5686880492141585.68314073558680817998      
       31300    0.999995172434779469849593144022228331           5686881073614137.37851854594829354404      
       31400    0.999995272003226983056957094891187960           5686881639850790.61489388018022983224      
       31500    0.999995368975304082606390376459791562           5686882191322122.80519586768752153278      
       31600    0.999995463432456313016555006555396480           5686882728491307.31107749693983813028      
       31700    0.999995555451197385806717647137070367           5686883251793470.61105111172007836942      
       31800    0.999995645107314923093199253399055155           5686883761659609.97961169037954427038      
       31900    0.999995732472365048889115675110192903           5686884258496658.54860684192738829422      
       32000    0.999995817616890304757187504001636645           5686884742705785.29920366178844783923      
       32100    0.999995900607842201374061716466065831           5686885214667737.34840058833991306882      
       32200    0.999995981509856391370797402855313680           5686885674750091.74032804345421698768      
       32300    0.999996060386021236882778538263379898           5686886123311626.21960201885265607721      
       32400    0.999996137296557585243323991463998416           5686886560694811.23645780662084464260      
       32500    0.999996212300278077686484614502479179           5686886987234108.90185624341334095274      
       32600    0.999996285453011196214911029244036500           5686887403247010.68617759076777475741      
       32700    0.999996356809949629127878743671310766           5686887809047392.35916863261971420512      
       32800    0.999996426423469350833433787429692734           5686888204933111.29632849099563362064      
       32900    0.999996494344485723444265183377835577           5686888591193718.50463839829185724688      
       33000    0.999996560622198334283405980570172743           5686888968109007.53679696113395213714      
       33100    0.999996625303595797773114523145475774           5686889335946198.34485921956624450511      
       33200    0.999996688435499010598071443352381190           5686889694971557.08544816390545043137      
       33300    0.999996750061785712688648566742981080           5686890045434612.45194283066529941043      
       33400    0.999996810225435332169590028480693460           5686890387579784.52065444602373959094      
       33500    0.999996868968010251883447527098695685           5686890721643434.76099503139390276257      
       33600    0.999996926329708524220818980616274540           5686891047854165.81989501524791276454      
       33700    0.999996982349170521225721023134197093           5686891366431721.95863867778900766024      
       33800    0.999997037064508434046733004566187178           5686891677592843.72207195535120962792      
       33900    0.999997090511639748705828532716585227           5686891981541790.56774086319105324539      
       34000    0.999997142725805849394086617315145618           5686892278478977.02392381940156821513      
       34100    0.999997193741338608897277121847307867           5686892568599645.31073249827970705721      
       34200    0.999997243591241071783455139814265585           5686892852091480.72375562158943115842      
       34300    0.999997292307039004663019192945000809           5686893129133767.41396697303392504530      
       34400    0.999997339919907606973011270664556458           5686893399903795.88889270087658555156      
       34500    0.999997386459821599725110832571704133           5686893664572029.64506463627176173232      
       34600    0.999997431953303954521479191009531822           5686893923289302.39586270441710069354      
       34700    0.999997476433607675329770674887314735           5686894176244720.93311674573634050250      
       34800    0.999997519925160659512688663595014071           5686894423577204.47464849119813678265      
       34900    0.999997562454374896111727936709846540           5686894665436955.58616720371823915342      
       35000    0.999997604047028232356023872620430672           5686894901970570.52690177242688894781      
       35100    0.999997644727736339061487345880846238           5686895133318036.36512621887103404675      
       35200    0.999997684520544839949931210252199817           5686895359616098.36343404147092949179      
       35300    0.999997723448764703545562070590434730           5686895580997323.86751067305616554222      
       35400    0.999997761534829589688602329613052249           5686895797589291.04880531534891064099      
       35500    0.999997798800995918589364965572200221           5686896009518570.13320442084823936810      
       35600    0.999997835268186393394196157543656196           5686896216904146.61965004904321884394      
       35700    0.999997870957185466688760082672398850           5686896419864219.78879178031881054100      
       35800    0.999997905887837911847942280183312064           5686896618511645.05156226976579541925      
       35900    0.999997940079556395833667710743061724           5686896812956820.46924950398687316315      
       36000    0.999997973551325409913105869440482909           5686897003307709.10713168109450225875      
       36100    0.999998006321124297821933405973373469           5686897189666557.84841872082154316456      
       36200    0.999998038406987426881941560230260693           5686897372135926.49042163357290086568      
       36300    0.999998069825847171133141854559592382           5686897550812107.89545998934278002359      
       36400    0.999998100594428929832778691927880655           5686897725790217.87919625489188208550      
       36500    0.999998130729239188666153647886933276           5686897897164127.31583382195941187703      
       36600    0.999998160245766775199897884561249460           5686898065021919.75094289931130773965      
       36700    0.999998189159452926745100834241738184           5686898229451408.08866362783477067279      
       36800    0.999998217485035709650576281483606944           5686898390536406.36419446737099565176      
       36900    0.999998245236961027972364613298206266           5686898548359067.11249968026970848765      
       37000    0.999998272429262435667395422633120191           5686898702999197.87124856540873192416      
       37100    0.999998299075574478054268583469904813           5686898854534337.05248254387649177889      
       37200    0.999998325189145552521915902277065015           5686899003039827.08028891707321280258      
       37300    0.999998350782850307528171906984677122           5686899148588884.90277157183688471961      
       37400    0.999998375869201598109667821873883275           5686899291252669.98194214752956939136      
       37500    0.999998400460251882451467553979714232           5686899431099723.54503105463053796130      
       37600    0.999998424567830884773958626577709541           5686899568197320.15158561359958157896      
       37700    0.999998448203545618971561511429088383           5686899702611467.82790123255850027722      
       37800    0.999998471378468766570581451144054910           5686899834405135.90097254665021139167      
       37900    0.999998494103474789366369547546295987           5686899963640166.44031590203124606597      
       38000    0.999998516389139444412470631787469536           5686900090376702.80890425135109739457      
       38100    0.999998538245847373336406127400045827           5686900214673801.51376455107506964915      
       38200    0.999998559683406157220647515477862815           5686900336587237.37138920860339064926      
       38300    0.999998580711650165648135900686239151           5686900456172937.54202239193957232714      
       38400    0.999998601339957339132079082305101617           5686900573484233.51553938744864667015      
       38500    0.999998621577639630703225693534460683           5686900688574081.51703877383466701617      
       38600    0.999998641433665090737564236310186412           5686900801493482.02867913215694079410      
       38700    0.999998660916585979287091369935453804           5686900912291070.97107986732639155897      
       38800    0.999998680035166440145122766343227042           5686901021016689.22831573756972120808      
       38900    0.999998698797332368945296891038902682           5686901127715410.64385404148565483860      
       39000    0.999998717211398390768124987340564520           5686901232434519.72996840280890903669      
       39100    0.999998735285203118874033924786159956           5686901335218593.96325359953710583665      
       39200    0.999998753026218675812281997259942080           5686901436110126.62115380237749506787      
       39300    0.999998770441965623729114315537730292           5686901535151886.45267035677136686130      
       39400    0.999998787539609804935231341495415197           5686901632384624.94754696314382645325      
       39500    0.999998804326286642266695729499119186           5686901727848920.60275760100867729896      
       39600    0.999998820808868607065801644485113224           5686901821583856.53418400953906151375      
       39700    0.999998836993977413836996832157755636           5686901913627089.82650844115533024601      
       39800    0.999998852888140077651776658614871683           5686902004015739.01740033857061788758      
       39900    0.999998868497716432491703159748202942           5686902092785971.90096315988673156532      
       40000    0.999998883828973762008016267298419620           5686902179973429.94603762816170480776      
       40100    0.999998898887879832689810233387881872           5686902265612051.29476091681813978030      
       40200    0.999998913680254214968308556015910375           5686902349734931.31184494687480116167      
       40300    0.999998928211971163589337760890310890           5686902432375476.34669667776780376065      
       40400    0.999998942488425853841414879211592371           5686902513564368.26767192827036353966      
       40500    0.999998956515270675135848126232161353           5686902593333751.69631482102109487544      
       40600    0.999998970297693896133116134498202973           5686902671713131.84191377951351619151      
       40700    0.999998983840883777321227076972043667           5686902748732013.86728113529350275932      
       40800    0.999998997149960689917604264901825517           5686902824419516.85515740266082375127      
       40900    0.999999010229796194104142299883039522           5686902898803344.92268340264429363293      
       41000    0.999999023085262045062223520516347051           5686902971911203.29594420594944489695      
       41100    0.999999035720934348242603160064751975           5686903043769115.86805061628779215440      
       41200    0.999999048141452823212858367496508293           5686903114403468.29977686359186162500      
       41300    0.999999060351341675164225637922985294           5686903183839989.33220531313193687496      
       41400    0.999999072354847702566148025040873857           5686903252102830.11976656726144462809      
       41500    0.999999084156281927795649092312452545           5686903319216507.05237891961600526277      
       41600    0.999999095759689246129442089662687559           5686903385204023.07948450069208962045      
       41700    0.999999107169336169648328518429116393           5686903450089641.46501845572871951858      
       41800    0.999999118388965766960560766598708497           5686903513894648.69776820737845440638      
       41900    0.999999129422544632154667303813599121           5686903576641602.43548108191303378216      
       42000    0.999999140273840924866589698968509485           5686903638351931.85732383222874516786      
       42100    0.999999150946435143820602450121635804           5686903699045998.93202436658472507299      
       42200    0.999999161444020534700805867930349035           5686903758744806.80995788040776519820      
       42300    0.999999171770009029971865881858177556           5686903817467758.83895305914827026164      
       42400    0.999999181927829927397492321598249753           5686903875234357.12170580422486590531      
       42500    0.999999191920924448997742978682209419           5686903932064171.57306712680512790492      
       42600    0.999999201752559098610348734019793846           5686903987975778.50156704756643867224      
       42700    0.999999211425835094663842157521415957           5686904042986814.25273254004121160996      
       42800    0.999999220943873289973787110317027589           5686904097115026.83105361895330436255      
       42900    0.999999230309722430033195551722106669           5686904150377754.17327278083030366561      
       43000    0.999999239526446340512791780671925895           5686904202792419.97572375126166371786      
       43100    0.999999248596783315226733018466884008           5686904254374596.66484915991093168804      
       43200    0.999999257523746272757559698023414027           5686904305141418.43302882751493255390      
       43300    0.999999266310028772111803031760616422           5686904355108203.30394641770673509057      
       43400    0.999999274958346510814794546091374846           5686904404290395.20101694664016919300      
       43500    0.999999283471353676381348158502294188           5686904452703088.24585208905244232674      
       43600    0.999999291851644536817328896450814780           5686904500361035.80329711247095282860      
       43700    0.999999300101754985058649006197750148           5686904547278659.26451417444368276622      
       43800    0.999999308224164038820815137681928575           5686904593470056.57648950244580560859      
       43900    0.999999316221220958009798263793261582           5686904638948587.76541576112413619529      
       44000    0.999999324095445123136586188515845920           5686904683728580.31780499491858859966      
       44100    0.999999331849005887865210678819255240           5686904727822371.14950842745875945507      
       44200    0.999999339484243204285066174654930717           5686904771243267.35401726156575596266      
       44300    0.999999347003302656824217272891875898           5686904814003470.67371200615514348093      
       44400    0.999999354408423217966960684330310798           5686904856115713.94030652655869960063      
       44500    0.999999361701724205411810387047714028           5686904897592049.51969305979726196192      
       44600    0.999999368885278619005282944718215457           5686904938444266.37237634164732738313      
       44700    0.999999375960982234978709294389299822           5686904978683145.60437262799436080284      
       44800    0.999999382931019817659353866882884631           5686905018321111.77056529528886232114      
       44900    0.999999389797201034073530308597896626           5686905057368456.28179828724407265331      
       45000    0.999999396561427579799445891145097104           5686905095835993.90687208821581599596      
       45100    0.999999403225560206140956355272700100           5686905133734306.56824421906727824814      
       45200    0.999999409791481146348591424151236330           5686905171074098.35423792900497683145      
       45300    0.999999416260909092541581412091761409           5686905207865143.30972227774954159095      
       45400    0.999999422635587946634417322433799916           5686905244117358.84536597046959874053      
       45500    0.999999428917283374503643695416407163           5686905279840786.14149910756175214117      
       45600    0.999999435107547513721483541008938968           5686905315044252.06251707301912297864      
       45700    0.999999441208132597016236124759776305           5686905349737721.39566465953099610141      
       45800    0.999999447220580730996975440869987010           5686905383929963.96016737955378096171      
       45900    0.999999453146459247192719504422707770           5686905417629893.02706308160808257399      
       46000    0.999999458987302668541130637181956340           5686905450846235.28793165707967714479      
       46100    0.999999464744613495301880138420343769           5686905483587535.32431245567051869734      
       46200    0.999999470419862969844935409516364249           5686905515862159.95698531720722954108      
       46300    0.999999476014439225586193623272366973           5686905547678003.37371046493933920193      
       46400    0.999999481529859114574434825205058575           5686905579043691.77333911649549291929      
       46500    0.999999486967399998864885835368970151           5686905609966489.39703589213502899716      
       46600    0.999999492328467895601025792049861832           5686905640454392.13568390511698940303      
       46700    0.999999497614388497984357372080829439           5686905670514939.08525567745834881483      
       46800    0.999999502826460421138352893016994348           5686905700155515.35117087104184695721      
       46900    0.999999507965907391983785145198178008           5686905729383080.15649060396760901357      
       47000    0.999999513034025500326041714704738346           5686905758205004.24538158731817984355      
       47100    0.999999518032035828728497222548661309           5686905786628231.80268630169173745860      
       47200    0.999999522961088298076909534696889641           5686905814659302.32329595519753928732      
       47300    0.999999527822357137426182724961047084           5686905842304893.54043616230068381584      
       47400    0.999999532617038287706830291743591199           5686905869571806.66078308950293379240      
       47500    0.999999537346257564360129415772424083           5686905896466444.09377016766008627185      
       47600    0.999999542011074233787176879162017796           5686905922994829.79052672638600493624      
       47700    0.999999546612571468354366820215445294           5686905949163123.65322000380812833987      
       47800    0.999999551151853897405038529832924524           5686905974977607.60788240258463335872      
       47900    0.999999555629918124664222121978103787           5686906000443949.24873637057094089443      
       48000    0.999999560047784326409094780498578444           5686906025567950.22495217658023310050      
       48100    0.999999564406493906868615829443940627           5686906050355532.90712010140092777608      
       48200    0.999999568706944248746372282726249246           5686906074811800.62858963729469158940      
       48300    0.999999572950178748508923318842682988           5686906098942687.08962406053996845902      
       48400    0.999999577137098729591979210990778108           5686906122753318.03415597989653460734      
       48500    0.999999581268628484879254735562189873           5686906146248949.83126773372715741500      
       48600    0.999999585345674393399318328602158931           5686906169434736.97558606762779489976      
       48700    0.999999589369125318553129393817102627           5686906192315734.35196571224414764569      
       48800    0.999999593339852996389999812591838343           5686906214896899.44357925982019886200      
       48900    0.999999597258749658739395483089920545           5686906237183306.29122623898018597677      
       49000    0.999999601126542179741836103974664124           5686906259179088.56165481656811244715      
       49100    0.999999604944164881209412356151305513           5686906280889559.65754563392546212710      
       49200    0.999999608712387438447962663618436406           5686906302319096.65195889743161518446      
       49300    0.999999612431966039373232856113629608           5686906323471999.91640108168766477859      
       49400    0.999999616103748540040025270208917235           5686906344353091.13070036509535927580      
       49500    0.999999619728426492746846475960308575           5686906364966303.08952036175978208329      
       49600    0.999999623306748770686560318961156946           5686906385315894.56620761216400317985      
       49700    0.999999626839517527857777179362585912           5686906405406427.33717721074530381236      
       49800    0.999999630327384767195154695468134017           5686906425241609.28347824049647623798      
       49900    0.999999633771090926798875477070855241           5686906444825651.20885674242457575624      
       50000    0.999999637171296740652114877030035354           5686906464162310.64703606924348098465      
       50100    0.999999640528715770732732011584659064           5686906483255645.55971303338524961563      
       50200    0.999999643843984054868065232447263882           5686906502109273.03583176076503300986      
       50300    0.999999647117789403668343803012766523           5686906520727104.59141689389133806232      
       50400    0.999999650350744208109289202306590981           5686906539112622.83793044930859321082      
       50500    0.999999653543511599189931029282895789           5686906557269598.94070568188168117701      
       50600    0.999999656696651159046198585242942448           5686906575201215.19216326473934254495      
       50700    0.999999659810863045443251695619350291           5686906592911453.32546850581097649339      
       50800    0.999999662886684777920074211179092448           5686906610403370.16507136955391757405      
       50900    0.999999665924704053719034233286708783           5686906627680307.89143108849008493352      
       51000    0.999999668925497917221113836905953036           5686906644745548.10315863628934217582      
       51100    0.999999671889632981872498966760598525           5686906661602313.07909294433694945455      
       51200    0.999999674817693715568564591544846094           5686906678253926.63469229153604059777      
       51300    0.999999677710170046684879035419341218           5686906694703174.94781357922841949146      
       51400    0.999999680567654392106771073174865165           5686906710953427.03909383991476548560      
       51500    0.999999683390645704361757458150780149           5686906727007520.40591664423900280373      
       51600    0.999999686179661607577521607602964473           5686906742868398.72934777338788307939      
       51700    0.999999688935210521477874962153118682           5686906758538953.34585013811925372981      
       51800    0.999999691657791849592682187087656417           5686906774022024.31761640735622928729      
       51900    0.999999694347896163133017570428784557           5686906789320401.47825020310938965318      
       52000    0.999999697005979828414259436154574081           5686906804436680.14124213053343089973      
       52100    0.999999699632567685704294263773744550           5686906819373845.02518722750488449399      
       52200    0.999999702228099019950082275590965880           5686906834134394.30339638029265569158      
       52300    0.999999704793006147397858796895712065           5686906848720786.51881689690280717413      
       52400    0.999999707327763337238687540675928142           5686906863135718.79695578514494055337      
       52500    0.999999709832835908771180965052869152           5686906877381837.36610035125766448791      
       52600    0.999999712308585036862388761808058903           5686906891461196.19468195179879163332      
       52700    0.999999714755485544842921041295933114           5686906905376495.55954850643001433248      
       52800    0.999999717173956101971893679814800581           5686906919130116.39447989838955821625      
       52900    0.999999719564408168939463570968579523           5686906932724398.63878372674596616432      
       53000    0.999999721927223350713917046797252748           5686906946161512.44500828912944231756      
       53100    0.999999724262844951452252117111079269           5686906959443978.84334430966077442767      
       53200    0.999999726571573752420670356618249723           5686906972573508.34933947313797084674      
       53300    0.999999728853884150351947597286901723           5686906985552798.81381883763659778469      
       53400    0.999999731110131087888047060940313283           5686906998383868.76311976994494382012      
       53500    0.999999733340664096195420599654866117           5686907011068705.94901340469067893297      
       53600    0.999999735545848696853288367537620618           5686907023609389.05928560737814429597      
       53700    0.999999737726065317637651763580866074           5686907036008081.55189983190225676193      
       53800    0.999999739881645720752374131471306658           5686907048266670.12816234283492856753      
       53900    0.999999742012957900824021972082281684           5686907060387247.53985304862009598353      
       54000    0.999999744120301959620577003895485872           5686907072371520.43827541310989018980      
       54100    0.999999746204054764996408188808134282           5686907084221632.03644420133298647245      
       54200    0.999999748264525967299111913354801837           5686907095939343.28756171365327065897      
       54300    0.999999750302060078423881491618840820           5686907107526613.39926256250256380882      
       54400    0.999999752316936811270512830079093060           5686907118985033.07322185903213599117      
       54500    0.999999754309509539493477681666068239           5686907130316611.91308862519857952444      
       54600    0.999999756280067470329913359139647274           5686907141522994.61396596229961319588      
       54700    0.999999758228914462931541429622321617           5686907152605909.19505496555755026840      
       54800    0.999999760156368087085321963037060551           5686907163567161.64668518597127308285      
       54900    0.999999762062666235683325920832474769           5686907174408104.84397318208255244637      
       55000    0.999999763948172481152202466349370437           5686907185130806.39005244195970563935      
       55100    0.999999765813115806104249491045086687           5686907195736568.48809349994161611939      
       55200    0.999999767657794561139342485434814692           5686907206227087.83066698342359931561      
       55300    0.999999769482484065824217862800458976           5686907216603930.13496476321942663893      
       55400    0.999999771287455190496010605180993096           5686907226868635.81581694879812582336      
       55500    0.999999773072957083294286969286024467           5686907237022621.75590305922381129198      
       55600    0.999999774839286856365018156282698416           5686907247067577.60481965262850484900      
       55700    0.999999776586667987899767234884056743           5686907257004774.26260004734188539116      
       55800    0.999999778315371712032856644923660348           5686907266835754.21295568048030988351      
       55900    0.999999780025647855445637904232590765           5686907276561938.19737113599883676727      
       56000    0.999999781717742267826752420777167311           5686907286184724.34053724078039739748      
       56100    0.999999783391880593305403120278775631           5686907295705395.85997654736859645633      
       56200    0.999999785048317582409353194247086149           5686907305125401.49863778654285866726      
       56300    0.999999786687271611410836714327688263           5686907314445983.14240573775891103049      
       56400    0.999999788309005430817010016509659949           5686907323668635.02938016278145048898      
       56500    0.999999789913698644759933273594519400           5686907332794378.55183125530139533806      
       56600    0.999999791501622124418328868009286094           5686907341824754.12937515535170690702      
       56700    0.999999793072964699958255713203925992           5686907350760835.62189347939816419421      
       56800    0.999999794627943365619876556686069266           5686907359603857.05578103515507175803      
       56900    0.999999796166786750463017417549798131           5686907368355118.62358778973895378789      
       57000    0.999999797689704689411487398120671937           5686907377015813.63733132799169390278      
       57100    0.999999799196874332628923156210182077           5686907385586949.53378788961284413805      
       57200    0.999999800688529095474648138612978566           5686907394069853.72475486898158551340      
       57300    0.999999802164869222075545299148689591           5686907402465664.98026502576021687894      
       57400    0.999999803626063317560553259739393375           5686907410775342.14226390729734733880      
       57500    0.999999805072348786293297077296351773           5686907419000235.30765148717634566589      
       57600    0.999999806503874372916482569744570361           5686907427141190.37360479440229135955      
       57700    0.999999807920856869575178027190750621           5686907435199440.21722232064651086653      
       57800    0.999999809323467920404084590531730144           5686907443175960.96299739935768501400      
       57900    0.999999810711876893530066657694624608           5686907451071715.79197498847223331362      
       58000    0.999999812086304725448805504159085807           5686907458887961.14979642174687131818      
       58100    0.999999813446888105433330970545413921           5686907466625474.37585411527295458940      
       58200    0.999999814793828578362364353515337689           5686907474285401.63743755039276364313      
       58300    0.999999816127271767553747781766873330           5686907481868571.08103477158710365238      
       58400    0.999999817447413474401899108374423307           5686907489376096.21126539717600086640      
       58500    0.999999818754394705280286205393359416           5686907496808778.91847713852099531744      
       58600    0.999999820048405710696249039078845481           5686907504167701.13990255531840962728      
       58700    0.999999821329595606993876145389722088           5686907511453710.88655043964941639828      
       58800    0.999999822598111589858859086450972646           5686907518667645.24682096736115068363      
       58900    0.999999823854135928561466993348958854           5686907525810540.76938153973130878234      
       59000    0.999999825097798789895839829498312234           5686907532883137.70088375333530152523      
       59100    0.999999826329265254477348116649709246           5686907539886374.83968688967668948971      
       59200    0.999999827548697681175068168412651145           5686907546821175.50582801993736484312      
       59300    0.999999828756220183807254532123804109           5686907553688245.52323856095053339864      
       59400    0.999999829951979100634535711235393670           5686907560488417.10422078573190822568      
       59500    0.999999831136141892388574434306506738           5686907567222642.58263761446321287851      
       59600    0.999999832308826930088802174584377040           5686907573891595.12364886511415497296      
       59700    0.999999833470185643115082188049175054           5686907580496135.89228620151693573657      
       59800    0.999999834620355682412664129581862741           5686907587037047.69688398731906324272      
       59900    0.999999835759472700740189607593771055           5686907593515101.98227212526042801278      
       60000    0.999999836887648189448706684451750190           5686907599930932.78956563707188853404      
