 T n_h1/n_h n_he1/n_he n_he2/n_he
         100     1.64665154962668970487181542778916496E-0341     1.03626304842943448561758381492979118E-0894     1.30398163214171501462730816301148650E-3292
         200     5.95249132646764929816159492336044598E-0170     2.97942830182904717050968052153651722E-0446     4.90265787205978188231246779172371361E-1644
         300     1.04121860351669086003137485623377321E-0112     1.04031463361169661070661403294538710E-0296     2.13356827412683028403599008675656416E-1094
         400     4.64123457093359212442895963882944549E-0084     6.55164892533352076855965458534474732E-0222     1.59876294728581469724740150997185035E-0819
         500     7.45673140461499652602319542521419756E-0067     5.15611013121481237539340750143508548E-0177     1.45047629585027767109344825365583492E-0654
         600     2.25990096846948531185978136353766649E-0055     4.50713760638805409390132987742027319E-0147     1.42951983267897019659629161375302678E-0544
         700     3.65579327190274154107861822762435206E-0047     1.11823806117751050296536990181104766E-0125     5.46622234178932344177417257612375237E-0466
         800     5.31480299812589019685130576067266168E-0041     1.25992802411545548748101043776468379E-0109     4.85548790400166867968839178249042604E-0407
         900     3.33489970809707559809332163890468847E-0036     3.88708222350261289653666343049807354E-0097     3.50084710954710703628428386476951558E-0361
        1000     2.31625258326227985081702505662704005E-0032     3.84302114810983728733139314286775910E-0087     1.72893500171921107109007735492354436E-0324
        1100     3.24312425360038320396851650169397984E-0029     5.82647904365906074427161664560453302E-0079     1.84396032608168672368795024524868129E-0294
        1200     1.36536658533576699053786130976970789E-0026     3.84729058696968899040932463597177818E-0072     1.96790550051148577776931782575509648E-0269
        1300     2.27976017437757071420503462205696997E-0024     2.27930339324057145458098617437945057E-0066     2.99183359570949522664864076199981863E-0248
        1400     1.83992653741188950947790940442507714E-0022     2.03037762539943678276775328088834696E-0061     4.31979362257196531841865174418753670E-0230
        1500     8.29868579292246831860939368823168849E-0021     3.97131104280843571510165279494139385E-0057     2.38134987851667587657453725374630182E-0214
        1600     2.33238477335431112573689767070826584E-0019     2.26584133346155996122958016904041985E-0053     1.42308118622743383934304475876500435E-0200
        1700     4.43959599202815985412351665315326835E-0018     4.68604355165727699410237731418605907E-0050     2.04776053337103211509723175964142145E-0188
        1800     6.10632926595870079463976218472770123E-0017     4.15959175405737161019981464675696147E-0047     1.31997056588040820655408721303679927E-0177
        1900     6.38755255793311836183794273806341158E-0016     1.81095029861808536870083671817413005E-0044     6.22208216504464838369153144235415423E-0168
        2000     5.29408443095790362225223133831222588E-0015     4.30263303342884420055589700219045726E-0042     3.17457182988256659913870097926037424E-0159
        2100     3.59377644446909476299719361326315440E-0014     6.08231103101499247994379068478370008E-0040     2.40811273169562199161299599013731252E-0151
        2200     2.05306154513679630739809952857868640E-0013     5.49064397397193098112215969648872574E-0038     3.52140640984660590242646404642092624E-0144
        2300     1.00944734471168252168945586155381182E-0012     3.35562657546380001843934472672223579E-0036     1.23025861516897045195521096969761578E-0137
        2400     4.35226704797796922826746063944144416E-0012     1.45770086038868155971906661287964239E-0034     1.22795919368373842456503622113009648E-0131
        2500     1.67155184543139372173174739607254174E-0011     4.68893932068484048057201004704841290E-0033     4.06932572735282102805016696706907292E-0126
        2600     5.79523552348330936968636662785769864E-0011     1.15618569873076826918315583265212839E-0031     5.08418975783840051757199524166140967E-0121
        2700     1.83438434893484579203850504703716138E-0010     2.25080224554910876762049649562825384E-0030     2.66880323849256225450689137148858433E-0116
        2800     5.35298661275898178716147408204667385E-0010     3.54800595753622558292927475700772888E-0029     6.45837630742331875659645526740873335E-0112
        2900     1.45220169901914266499624881293756724E-0009     4.62845688179627859969323512242972705E-0028     7.80550643273278151517308059682558117E-0108
        3000     3.68923761372406526631387510597133000E-0009     5.09212358667104090733358790233100659E-0027     5.04981603196651608116342118980237982E-0104
        3100     8.83229804021770242327949487500702176E-0009     4.80309430094478177319140399349239665E-0026     1.85775471968033432348301402268066434E-0100
        3200     2.00374765166742722017521258337866988E-0008     3.94055777089557133901150598883395976E-0025     4.09732795053673915304147460928729720E-0097
        3300     4.32871523957202484804811895617162803E-0008     2.84778100961574962668876161332850457E-0024     5.67535315045382133707083457820046496E-0094
        3400     8.94309724406199089715390017645977550E-0008     1.83324049549628338316287493793296662E-0023     5.14365856748930504450908045824995930E-0091
        3500     1.77371270304384041437579806335742676E-0007     1.06168065910309820588183950474331558E-0022     3.16308991801146068302638798027190656E-0088
        3600     3.38855976288589531397485159092561796E-0007     5.58021017668713579818966361858443046E-0022     1.36311505169490804888510757367974943E-0085
        3700     6.25453823028323347438539199431296201E-0007     2.68285622029825737766517860418194906E-0021     4.23683512269472370572607927312983196E-0083
        3800     1.11840089085993606315015402692247280E-0006     1.18818489631477540419083775367503318E-0020     9.74606670579965545879483190181931091E-0081
        3900     1.94211837579032321208975589216004145E-0006     4.87806465815010000392579700967187842E-0020     1.69800698232569322009932150202783768E-0078
        4000     3.28230459803361616512701232900965780E-0006     1.86703321284128805794031029970297762E-0019     2.28776991316928999392182959311184810E-0076
        4100     5.40957532202623344383995764384052541E-0006     6.69608372996785218939488040807346565E-0019     2.42887913062922304581920692252077090E-0074
        4200     8.70971111852455064480355048052604000E-0006     2.26082179863136714217314657023858367E-0018     2.06681893102619945442493042663695747E-0072
        4300     1.37215713154139358119295218082230002E-0005     7.21628621403600904444704382423197068E-0018     1.43152181037857642732180692070020613E-0070
        4400     2.11837472648982558059419399753542347E-0005     2.18586159302603631835723745130658652E-0017     8.18427275869252508930438609337238581E-0069
        4500     3.20909968985100647561229549994384708E-0005     6.30529426700766863592199136815275807E-0017     3.91197286268244000032771626566029534E-0067
        4600     4.77614308203126068182505699532991739E-0005     1.73757302004388358665967319296249959E-0016     1.58165113076133260381694405344764377E-0065
        4700     6.99152344042407693913312086155124414E-0005     4.58774647790881863476686258013184890E-0016     5.46712539381945784080490738844942791E-0064
        4800     1.00765765693596640086769534161053690E-0004     1.16367907812842750595630855188372630E-0015     1.63151095634964327114848273241285605E-0062
        4900     1.43123415993300938874064245422850306E-0004     2.84255563035215173701284561696938033E-0015     4.24137149177118549826069254843346521E-0061
        5000     2.00512655990964091433088697645253939E-0004     6.70202858292855921728537004089168467E-0015     9.68498942266911805332477897672455480E-0060
        5100     2.77302335707387562156646887760054383E-0004     1.52836922895301484934258586575545345E-0014     1.95739613451656346150673153784557328E-0058
        5200     3.78849090411664641023926946975826934E-0004     3.37760670740152495784437343108288584E-0014     3.52615520709028036867206466445200885E-0057
        5300     5.11653381051693482152685528018868281E-0004     7.24636468111778682749744047996941624E-0014     5.69893583320662462396961298248268390E-0056
        5400     6.83527552104058484281828172791649838E-0004     1.51173788071692566492996771953623392E-0013     8.31330883077853102622646193703861422E-0055
        5500     9.03774643729483213317346712291167600E-0004     3.07143535261278373571219291531162881E-0013     1.10070407003224795475783830427029595E-0053
        5600     1.18337702290278712625771378960005124E-0003     6.08599340672841826758454089920884064E-0013     1.32965898523757768863191169707316641E-0052
        5700     1.53519279272277954777993289125064719E-0003     1.17766254467741113148845675970081420E-0012     1.47259254718247456841923075550220674E-0051
        5800     1.97415690586510605119501156755352299E-0003     2.22815057225172383719200169964198269E-0012     1.50194274517488379571982031104993108E-0050
        5900     2.51748647015092246511056600364851843E-0003     4.12669170181403830172679518442258476E-0012     1.41669849990470484790689343672863147E-0049
        6000     3.18488764178052208633763427155603671E-0003     7.48963529236301402669937535634589132E-0012     1.24068110529487086361348368804111264E-0048
        6100     3.99875577955565123512037947777012895E-0003     1.33339232993097389241756702955121716E-0011     1.01250393309930032511906003166698532E-0047
        6200     4.98437106725807824734251555483038661E-0003     2.33079552780953724225053971181112958E-0011     7.72647511889077306168073354002433641E-0047
        6300     6.17008076296768928683958615744022326E-0003     4.00391323342376637165782355272442548E-0011     5.53115483971226238897856309065331803E-0046
        6400     7.58746623256776628960097313599560137E-0003     6.76490773434026825068310828539883326E-0011     3.72577311518072857516863383834894750E-0045
        6500     9.27148560429144970367717771226393799E-0003     1.12506414602428923301224381853178190E-0010     2.36821527099936227214795342831474581E-0044
        6600     1.12605880646312271949703404730823059E-0002     1.84311747783364620788993279670536368E-0010     1.42428163899183936285289096606634964E-0043
        6700     1.35967908896925251713815754151290887E-0002     2.97641468650100748051363838320263125E-0010     8.12530283113977526570383095286608394E-0043
        6800     1.63257130809493943301809031815796637E-0002     4.74118149257038092085333603998271940E-0010     4.40747411392547731016422190908157021E-0042
        6900     1.94965548446797524200151717355878802E-0002     7.45427522043863087944515971362034884E-0010     2.27838553692235804143422024051326681E-0041
        7000     2.31620073196777199972485594617851680E-0002     1.15746786593475652825707865750775046E-0009     1.12481146445113042346056380688974885E-0040
        7100     2.73781389003871769387967724606537772E-0002     1.77600418751213039891602218666137930E-0009     5.31407673621654547828768574435051271E-0040
        7200     3.22040789967966696652766898713896953E-0002     2.69429248611562517010110081990223026E-0009     2.40716115145930694173636127159262561E-0039
        7300     3.77017545148501562812550827480519480E-0002     4.04329122125761412661580284206289248E-0009     1.04738100901235033147398974709633213E-0038
        7400     4.39354236881200480166885792501220996E-0002     6.00521473972204145505114452908074357E-0009     4.38510962118845444748249377248120130E-0038
        7500     5.09711505774366001306632808853519847E-0002     8.83140820363561331945506551610542771E-0009     1.76950167556331131277767563807171725E-0037
        7600     5.88761104071360044546845417769951114E-0002     1.28657569136703223945217253721288740E-0008     6.89288980900196038323622400657681688E-0037
        7700     6.77177048985171222454782562927578564E-0002     1.85751498531014341253584365379637930E-0008     2.59587944358891830823331716009300674E-0036
        7800     7.75628091715289025609802031710960231E-0002     2.65890141311673211709179040350846984E-0008     9.46513144361234852013653591583144703E-0036
        7900     8.84764561535075214852385899361133669E-0002     3.77501719684647765168499001115071390E-0008     3.34599736915540533815126183069889140E-0035
        8000    0.100520761324656516324906941552125537           5.31802636554692171769921603010110896E-0008     1.14829932260232145000670242311393585E-0034
        8100    0.113753332455446132288621177323906105           7.43632739888876955460102158058060191E-0008     3.83057798754191466815506918236865035E-0034
        8200    0.128225957440930150982679758654812489           1.03252283281224848004150510498332282E-0007     1.24360206449191719409123676219619732E-0033
        8300    0.143982887216668093596405863912330623           1.42405121179991641035711125289135267E-0007     3.93381812402317778266144814455701232E-0033
        8400    0.161058986140468827625561082532207563           1.95156429589989161321836557285767320E-0007     1.21380991634388817798988235266415047E-0032
        8500    0.179478003447185535454367918990222986           2.65835810711749693753282091439231027E-0007     3.65729814206875730619984379144176848E-0032
        8600    0.199250879522618200188396432932546416           3.60044024359188987459450406320026995E-0007     1.07720060978499020691083246114814947E-0031
        8700    0.220373473927324887915903289781281380           4.85000605247377314767571135962578842E-0007     3.10451883319868324644464717607478899E-0031
        8800    0.242825551479499643876538519108903753           6.49985252519828706276365719873003500E-0007     8.76344088422144879912648542211363243E-0031
        8900    0.266568358824597258595801189978612892           8.66889981177590695954367381336882791E-0007     2.42516352102629549344285450460533080E-0030
        9000    0.291544063669171266591898478355573633           1.15091958780775905856806539330119439E-0006     6.58541281729557157030052785177405094E-0030
        9100    0.317674374624749608915742136006727083           1.52146914333902314222139423999162527E-0006     1.75620224130660826413539207856960524E-0029
        9200    0.344860054841466380268863616193619704           2.00322833439749237587151704568444051E-0006     4.60335054054353425852336134565929595E-0029
        9300    0.372981223546908798112373389145684958           2.62757083903228641366323162588614011E-0006     1.18693071891971507607341473403647992E-0028
        9400    0.401897723688228935282176539877304794           3.43429208150629878158680758452801491E-0006     3.01270106099002221844034679894278351E-0028
        9500    0.431450669044581181830609254398950765           4.47378886398032838836025713916042746E-0006     7.53316401046759361478080801696581617E-0028
        9600    0.461463964185694160374122039890222195           5.80976735101761962515501996706085667E-0006     1.85687112343501363250456628773518243E-0027
        9700    0.491748852638119948959922826205133089           7.52266518601733721466027489992992143E-0006     4.51488847762642324699753035546458632E-0027
        9800    0.522105071175721921966424431129273983           9.71380418767648355976437163798445485E-0006     1.08349541163711783900811318419246075E-0026
        9900    0.552328460874775288716355849692414973           1.25107028511400662284534248384089291E-0005     2.56780516734479192107092815630206600E-0026
       10000    0.582212540103630640550909839048054346           1.60734049883856381240375380056846949E-0005     6.01265160584178958421403093674558326E-0026
       10100    0.611555733917868394605511379447681304           2.06024509057993158970022356699407526E-0005     1.39165999642825774150960001195307626E-0025
       10200    0.640166758792828551962173356556583829           2.63486012759564326831553726855120347E-0005     3.18520681971929390813062292877133083E-0025
       10300    0.667868863649124558342555993392903727           3.36245914182686624842797800028510145E-0005     7.21158707989771668677402669972885032E-0025
       10400    0.694504124199627277091612837494706963           4.28193459272214430268170835381844563E-0005     1.61562391602548477243829902340499663E-0024
       10500    0.719938034217592528341241601757658263           5.44152826968894873324287381778399537E-0005     3.58239360546200517935041999064719475E-0024
       10600    0.744062589679104134201251548346976510           6.90091659496986153693042249005703220E-0005     7.86357820353437973950477032896676499E-0024
       10700    0.766796435966238179296781046386892780           8.73364408679517706688945174447949727E-0005     1.70903019273881328955175493477720666E-0023
       10800    0.788086565114748390632088621603160067           1.10300962138155766865228670300499118E-0004     3.67804428209920741063308685041611581E-0023
       10900    0.807906267419104997738118741762839929           1.39009060844936629873955469888659236E-0004     7.83898252179898735880082399846466797E-0023
       11000    0.826254671574384198446733499890887483           1.74811159221508221884061798955280871E-0004     1.65465754498744506823397873737714966E-0022
       11100    0.843152919840896449553948340017527314           2.19348810111507457819122544661657330E-0004     3.45924567659661254770893083465167451E-0022
       11200    0.858641488950359734587318560179880204           2.74610853192150129562435555493676232E-0004     7.16297304678346566361801397470508920E-0022
       11300    0.872776699622253182688076836597644422           3.42998765489825463886064400034942874E-0004     1.46911431059625344598621012854000749E-0021
       11400    0.885626426143846220928300141873154510           4.27400065060333303018767144034956254E-0004     2.98452517359640816075193196132649587E-0021
       11500    0.897267350564646232402316237251827524           5.31276492493052974692988065328647083E-0004     6.00567464137799699667814413823809270E-0021
       11600    0.907781239145271623124355127692734182           6.58761292599344958728175201005955224E-0004     1.19708358184606326876358729853863426E-0020
       11700    0.917252513822427356303296015086290211           8.14773939390512858094177614497375032E-0004     2.36361293137113240301909812875910145E-0020
       11800    0.925765780681728759202308739764460608           1.00514873038795522262058749167796077E-0003     4.62310848009759520414244099534804109E-0020
       11900    0.933403911285177870447442234993644921           1.23677996516640497075671381244765371E-0003     8.95813358161317380599644874160045243E-0020
       12000    0.940246580003734546973166922567914560           1.51778385374589729284529483605406208E-0003     1.71968507313097736216292638616832211E-0019
       12100    0.946369484178155574517351017780115945           1.85768636573076636051226209053149527E-0003     3.27081406241310624183617499733954482E-0019
       12200    0.951843570151569468855032561494361118           2.26762821966235550118310834807684139E-0003     6.16410509149388961177400683048180148E-0019
       12300    0.956734530377036154677526593476707517           2.76058590580436730122581511917023703E-0003     1.15113023693280502797318754247095181E-0018
       12400    0.961102834485705437640180017093192339           3.35162743161736332847915930958118812E-0003     2.13037484093398331894889520730977581E-0018
       12500    0.965003677928601856669899916294692408           4.05818188989442929172139809652359398E-0003     3.90754214091730471411131063202708277E-0018
       12600    0.968487091291343794694639707560929767           4.90032498082489613651529448088638196E-0003     7.10405665538655362126099884572123500E-0018
       12700    0.971598309688088399980933177596183356           5.90110512868074598947963667270959910E-0003     1.28028257299336427413525854099316361E-0017
       12800    0.974377946002963650824672468925873874           7.08685346734585678427187873738270586E-0003     2.28739914621881486370989458989578637E-0017
       12900    0.976862442793020037106732726683274606           8.48754485767894600084329979266675529E-0003     4.05187582510912414774439002347580325E-0017
       13000    0.979084314405853000505813306580380847           1.01371145381169942183762992990708047E-0002     7.11683595160705778974873915454610108E-0017
       13100    0.981072584684260540056386046566532054           1.20738227621313996404930057941258027E-0002     1.23957538376089800652296415013292000E-0016
       13200    0.982853072312026140063080144002583266           1.43405589935171116444112781147489420E-0002     2.14116521826071497038678307404491534E-0016
       13300    0.984448701535617443893680553107997260           1.69851066543144827018177223598915121E-0002     3.66818390827696266649864919086257231E-0016
       13400    0.985879847587579958717123598897018799           2.00604039848689268923635927772480248E-0002     6.23313261945271507224741516169190921E-0016
       13500    0.987164574202928624930152687383791542           2.36246568812099045920016618341821140E-0002     1.05061250795840824121380116060631644E-0015
       13600    0.988318899144519971616036919515380110           2.77413770625086592951794065302953648E-0002     1.75663898412474447004694979052060381E-0015
       13700    0.989357022992848365590609750221712033           3.24792656233301143586608626502060636E-0002     2.91370125745508516357295218389983289E-0015
       13800    0.990291529200180079506724436030984174           3.79118898615905687721460617175452862E-0002     4.79450956561461192529589552101244288E-0015
       13900    0.991133577272141750442580141728811058           4.41171697181097065104682655737391209E-0002     7.82690311950175228686655083421962880E-0015
       14000    0.991893061643335164019443734173553825           5.11765552420455195581458518776822624E-0002     1.26761567495844588826979583910084033E-0014
       14100    0.992578760167470559234826734590847127           5.91739132704908715861577386051236924E-0002     2.03675104951266950254274239521365391E-0014
       14200    0.993198464288713439185799633290959353           6.81940664835290722792384547149111578E-0002     3.24666601857479469695503379141419951E-0014
       14300    0.993759094731883463399576260699922792           7.83209730326997914538391517913998554E-0002     5.13427859658133394021489480917679985E-0014
       14400    0.994266802318701188469385153769591148           8.96355241658202245363665454788241340E-0002     8.05476454654904067565899344736733709E-0014
       14500    0.994727058399033847245949869006033106          0.102213005904711937872922445097581436           1.25355881472339262720603187232491839E-0013
       14600    0.995144733993705195991431573441768543          0.116120258575651962158102147572304800           1.93526355130796663163736503654616316E-0013
       14700    0.995524169437366647267310275873677690          0.131412621198013470839786768518034972           2.96362609689947124009381575532791670E-0013
       14800    0.995869236161296589036849719695573622          0.148130796982461198957745055854124149           4.50173027239843708168179691700595768E-0013
       14900    0.996183388686813995757269672172099056          0.166297709739978799750539216575280505           6.78257506084647707066568137724681926E-0013
       15000    0.996469714189953631267230954555951763          0.185915712243343000600894183297934078           1.01358069378930606775340653298251812E-0012
       15100    0.996730972410242130351005350061523345          0.206964123774423181660379642528750776           1.50232664227350643050992875332309451E-0012
       15200    0.996969631739929378862670575917027260          0.229397412955099181677985010971315160           2.20857360421643440116463746160364246E-0012
       15300    0.997187902676289089393497720933890978          0.253144296225439147902799062927310719           3.22037877682438600878386540542164754E-0012
       15400    0.997387763264351212263837161424732050          0.278107554099202811483665629741286616           4.65760858184497965707722116261092072E-0012
       15500    0.997570989677255997548103770800869868          0.304165479743133821876179242627894608           6.68194785715117648465839103589713493E-0012
       15600    0.997739169771072943747601519944134034          0.331173367818299801370162318483703541           9.50951395533490730864118021274572296E-0012
       15700    0.997893728396732936636820912989270187          0.358967036594517004370447055506719263           1.34267131807170692522411541893578140E-0011
       15800    0.998035942584677999444036936265533961          0.387366642304969160595616971720339284           1.88099498604381748202974741177289303E-0011
       15900    0.998166957265362408886550670850408702          0.416181346294321945489025675921682433           2.61500003437638915496902021793915515E-0011
       16000    0.998287799167942440717900621681365203          0.445214396460000792347589365089293553           3.60819713428678698957608013248825451E-0011
       16100    0.998399389000837026942859585442206738          0.474268314118404749458904882023018322           4.94219226989166818415326793098057607E-0011
       16200    0.998502552857414837774120729289425339          0.503150012051206215118202928164934542           6.72114573245441063655749738428564879E-0011
       16300    0.998598032863277130043653023383484906          0.531675601719000010934667093242587800           9.07718394193938119028200869863384650E-0011
       16400    0.998686493398791723491018396624549005          0.559673986264344551912911587435611799           1.21769049058373479458647114376566573E-0010
       16500    0.998768534101185488008589847765014724          0.586991038721706263690026338751714200           1.62292849564725313047777075674408309E-0010
       16600    0.998844692084289214804434800970113012          0.613491145399095259719687140327386701           2.14950586778522284828238361606899286E-0010
       16700    0.998915456239378871296493626744525418          0.639060329390888870794160667585172978           2.82982018208265497352452002422143524E-0010
       16800    0.998981263280745996898683022238348872          0.663604993291982403397423083282361699           3.70392487280007534146541704563343329E-0010
       16900    0.999042509068562399622931095518327613          0.687053052860688498138018980687156729           4.82115188034049627240249730884202377E-0010
       17000    0.999099553542332059729708292900986397          0.709353293892709388529110021389301487           6.24203788841617272129846573107310172E-0010
       17100    0.999152722282786463138006013858397745          0.730473507663876631855195140982775455           8.04058694530406843649403534644925164E-0010
       17200    0.999202311568032261006334933672846294          0.750399093679494201040727283495723441           1.03069706688051991497638650405096979E-0009
       17300    0.999248591515106338949207989455568702          0.769131070478253693923263410731361536           1.31507114744014141183214245768734363E-0009
       17400    0.999291809583093278446979513290915981          0.786684115228356828491647591621650782           1.67044552306206631409731348508449695E-0009
       17500    0.999332191085509447078481365887661652          0.803083937042094638639051062271582236           2.11283440607351367920695069408926879E-0009
       17600    0.999369942959773082322565155995692380          0.818365544342496203576501528797012521           2.66152232233439701860460881911074352E-0009
       17700    0.999405255058297449900907661074033422          0.832571110346919920090716511006108202           3.33966875764723990474849344097075831E-0009
       17800    0.999438302609982424192111847125277912          0.845748334387128579666247659651089277           4.17502209531768508694579291164679044E-0009
       17900    0.999469246033421277578659412356318422          0.857948425565453797090265675052822240           5.20073519307143625668617676513424132E-0009
       18000    0.999498233447624550157334393700244964          0.869224973212258572643878957063082000           6.45633193157469276657180260765184662E-0009
       18100    0.999525402087951248635040917222374117          0.879632799024967454482092858293506614           7.98883107396456848765171176392584868E-0009
       18200    0.999550878046931981306567219811823413          0.889226666201902272278460003364010148           9.85402221936183121573516522738900163E-0009
       18300    0.999574777917477254320931795525177566          0.898060641084274868017454344029591476           1.21179660382095043170863110804585888E-0008
       18400    0.999597210258609730389565757671234844          0.906187593729279764997905519243320904           1.48587452359816586320658780338270199E-0008
       18500    0.999618274737568882688722393211886466          0.913658369785550885320022402078319033           1.81684070038330505556538534830085992E-0008
       18600    0.999638064063943778583615487083848162          0.920521714696616368855246427445511051           2.21552866608176660022525451478584516E-0008
       18700    0.999656664074801421514318999833190746          0.926823922524924369444358062328575123           2.69466171273394663510883194726325840E-0008
       18800    0.999674154386409556950138327357780822          0.932608710914232474910313975993514594           3.26915425264738910247298758360098208E-0008
       18900    0.999690608784326505346283002758676510          0.937917128177687220742157367094873592           3.95645495954141518359054965521385541E-0008
       19000    0.999706095798783694726691859467094225          0.942787565186055802057371719897537451           4.77694085669737146404039263191534928E-0008
       19100    0.999720679043184459802303124805179381          0.947255774947804542527219950297365711           5.75436477277344231530140307655504265E-0008
       19200    0.999734417564577348284302720509937291          0.951354937728946457734531732846922681           6.91636445059559613523109932495402160E-0008
       19300    0.999747366242121539692700880025723395          0.955115766230896457269288938434991431           8.29504277530680346311816970878932702E-0008
       19400    0.999759576030140791758202025468480484          0.958566606373548924742606242470093860           9.92762256470339440218379138701035723E-0008
       19500    0.999771094366606014945547941340876500          0.961733582526965956417471776757992040           1.18571947299640761657242169711311307E-0007
       19600    0.999781965324163923726190238913137848          0.964640709672496863367703427022179352           1.41335557766942756364342651717295657E-0007
       19700    0.999792229906623512932326623849183792          0.967310036715698061416529800233988940           1.68141592399301133308693531098667195E-0007
       19800    0.999801926294282963927378500531481650          0.969761783443440101565884372783736999           1.99651886707171409706871733447136410E-0007
       19900    0.999811090015645797861486856762901776          0.972014466355082515108462583191543517           2.36627607764914118585706969336447181E-0007
       20000    0.999819754162080688893325693976670366          0.974085029393796141825393794502880652           2.79942821556120918921166439915428003E-0007
       20100    0.999827949596757108637508430976130592          0.975988969916331961854569907967812418           3.30599769331452987841117920924227077E-0007
       20200    0.999835705054840264058963695298675362          0.977740445122640099064399381535883280           3.89745836655105262691230221689085145E-0007
       20300    0.999843047317793807267559813278603948          0.979352384388908190247286272920366585           4.58692645985275510463906278622615628E-0007
       20400    0.999850001408988855376609857137997021          0.980836598259018262056206746928970245           5.38937558818403343631529662457943919E-0007
       20500    0.999856590664805376227200492396956845          0.982203865436883749165085695793681696           6.32187393522578618793929946539688000E-0007
       20600    0.999862836823929424922551621723149894          0.983464017475202566948751810105311407           7.40384782618150347890959753110675140E-0007
       20700    0.999868760293286641851569581642976502          0.984626038794990722822890999475369331           8.65738527330654651736399407540713654E-0007
       20800    0.999874380016067129339452595683505397          0.985698113632794140224960313255566605           1.01075527340375089918965616566812188E-0006
       20900    0.999879713805512917542281065693296783          0.986687723049780803501675194007325580           1.17827748869329462750768378832895668E-0006
       21000    0.999884778236726611608432406059318793          0.987601685638076567148655868367795341           1.37152262264824904515879059467859768E-0006
       21100    0.999889588873465255820443358295121157          0.988446231705673061396351746687501857           1.59412926229464870197307077733946594E-0006
       21200    0.999894160243809981862642891964046008          0.989227045297961654062860794963008799           1.85020584817503860549025943817599921E-0006
       21300    0.999898505975609423156581193643547525          0.989949319485848526155095992534981395           2.14438645014326623103450207781018256E-0006
       21400    0.999902638894044520694864878201804982          0.990617803202345723187048187020117129           2.48189278505814061203459652327776320E-0006
       21500    0.999906570765894970139528464516546855          0.991236811307780750234290506799113628           2.86859302533244593204224021294345558E-0006
       21600    0.999910312891333759071030961938814734          0.991810312802517334624001006676064965           3.31108823334185517201356502104522434E-0006
       21700    0.999913875784431175531668460612792902          0.992341927918961484044606617644124602           3.81678533013467054817663456229279940E-0006
       21800    0.999917269295101443945533265142875130          0.992834965799250044004294604978105874           4.39398743484813124039748359130856692E-0006
       21900    0.999920502662340640120384636977063824          0.993292452871075385273931903320772761           5.05199167413168198992112750698876716E-0006
       22000    0.999923584579664896700842018873931692          0.993717159829376120680761117047731560           5.80119794949840299705757397769647825E-0006
       22100    0.999926523200799661214679923283167520          0.994111621499863840353193810117177518           6.65322474737090152847020797851184623E-0006
       22200    0.999929326198805157359629091438006764          0.994478159372052233475507515088126304           7.62103948634713556557278401743823885E-0006
       22300    0.999932000765587292428244374860035000          0.994818897627330896233691623116299308           8.71909593537853094156071900435047960E-0006
       22400    0.999934553690689233639158316565860248          0.995135783834886400319706082309988173           9.96349287983058869609543475021639516E-0006
       22500    0.999936991341774100926172043496562100          0.995430600618125059711035138086795892           1.13721363015961202684421483736642404E-0005
       22600    0.999939319721811763105493210775724115          0.995704981935534284482181940436761616           1.29649258211591766942773709322437428E-0005
       22700    0.999941544478444259463111965403158627          0.995960424582934499725264950144627186           1.47639514003279182786564037581507621E-0005
       22800    0.999943670939769905014897513592501829          0.996198300547285867737231593927914838           1.67937127462549049861361374257148507E-0005
       22900    0.999945704113973781012683327111701671          0.996419865905813057353300560635540552           1.90813490561273701988921688756088631E-0005
       23000    0.999947648733961628300307066554672033          0.996626271904319600146774376724306479           2.16569013342119539665364461393288963E-0005
       23100    0.999949509251503320534890701602988216          0.996818571864280734355206809757556284           2.45535815362973952599884680073748697E-0005
       23200    0.999951289877188238890695892436409260          0.996997730345295104627144904877656477           2.78080816769029358087939946796364585E-0005
       23300    0.999952994574145898431320379719803480          0.997164628704801562287714430713544487           3.14608889469063613675521021456697529E-0005
       23400    0.999954627097057373374029327782624474          0.997320072841900886857862404187519087           3.55566511884545615573437342429688758E-0005
       23500    0.999956190975842515891169239214960908          0.997464797072803968834464925652384711           4.01445375902845377084708692530894819E-0005
       23600    0.999957689557918748121429671672318913          0.997599470944767896693783323128899122           4.52786698669494056007961869573056413E-0005
       23700    0.999959126000851739933372521372613552          0.997724702692436510344638124118323288           5.10185509272536734448130808373983887E-0005
       23800    0.999960503295448747787383974247587099          0.997841043998428598050417490766387362           5.74295546766512106792617119751754814E-0005
       23900    0.999961824259579646561889920166333027          0.997948992782593849961127073159678999           6.45834187349036011941388810790379119E-0005
       24000    0.999963091572325064185308968859801523          0.998048997731805317792030867836420379           7.25588328223807665425248290191581125E-0005
       24100    0.999964307759064431521936424452347688          0.998141459955512371497461100423962761           8.14419981283817414825881222845252772E-0005
       24200    0.999965475217970882912007362386497517          0.998226736432226855627645959730901531           9.13272987928637321416567378307215921E-0005
       24300    0.999966596213342313965248050271653510          0.998305141529332935359971976618682542           1.02317957881025776443260325293789710E-0004
       24400    0.999967672897073646123217265374680175          0.998376949585589591968175950080668420           1.14526809283228423418835255873514293E-0004
       24500    0.999968707304149457075740871650374118          0.998442396030859564955804992548095859           1.28077057485441720870970843889799667E-0004
       24600    0.999969701365866316056912374577192374          0.998501679073913854841692597590718798           1.43103143628981022339499144901169971E-0004
       24700    0.999970656911767235298656152900521298          0.998554960664407448389704624906076268           1.59751635150496517928761477663945459E-0004
       24800    0.999971575679360984511771954339789279          0.998602367561009687912241207215228920           1.78182211842056690932929237573126489E-0004
       24900    0.999972459315622075624626321250855412          0.998643991863223146826205126728610321           1.98568680740080780882457790840688951E-0004
       25000    0.999973309385724044545671574592322194          0.998679891621445569322175067736475875           2.21100102385572294866282470947331683E-0004
       25100    0.999974127375801896550056815784334266          0.998710091027127154554129898665724154           2.45981960200546631590522259274350742E-0004
       25200    0.999974914697385443789361011264817328          0.998734580485190267006492584554709400           2.73437416779863108299861636555170207E-0004
       25300    0.999975672688538147476239004508484271          0.998753316417238384889487069925771487           3.03708614087647607022515629812540656E-0004
       25400    0.999976402627046061986401633530737573          0.998766221217909140034113787767702866           3.37058202679795721268426308008796151E-0004
       25500    0.999977105720359220912412784402195065          0.998773182404931728543356922226232884           3.73770687865302635727999290520282336E-0004
       25600    0.999977783122525511322072317902968283          0.998774052306479089541896415852642707           4.14154210915784332956829784342834018E-0004
       25700    0.999978435929877510343622857084959981          0.998768647029235959455558868338759641           4.58542161424332581863245037146538073E-0004
       25800    0.999979065184328971216485994995327923          0.998756745478020500327587081993355721           5.07294975678537222912414979934226343E-0004
       25900    0.999979671877679082808458065663576506          0.998738088213401916478562064911858588           5.60802073207197578376805523024964118E-0004
       26000    0.999980256956646040177602573048475925          0.998712376110476138601811022790523139           6.19483958591840552783533790159866577E-0004
       26100    0.999980821320439410224909761810177639          0.998679268796300895100051929886679106           6.83794240075389680174710536408016264E-0004
       26200    0.999981365826848415958496364218670413          0.998638382991601959549892017826438115           7.54221996379917218129386280793784281E-0004
       26300    0.999981891293231086387369977172172531          0.998589290636496547467052688019843915           8.31294142133903116410047312969874798E-0004
       26400    0.999982398496584274622192367147963549          0.998531516899850156448665049613362709           9.15577848442057181182152595997383627E-0004
       26500    0.999982888179850453191390878225984416          0.998464537928470896620711736941044406           1.00768338903551529631311196113020077E-0003
       26600    0.999983361051529585819816257669457749          0.998387778472171118462303077916880398           1.10826686172245509656036817409232634E-0003
       26700    0.999983817789311404659369430835884955          0.998300609242787905146505282305849174           1.21803327468602925351123794358672724E-0003
       26800    0.999984259034275102934817446759668240          0.998202344501307849214700132385252340           1.33773909660775867412751381680468606E-0003
       26900    0.999984685403781259443717787872683655          0.998092238684655897279066502910562275           1.46819630324339286350525822546509715E-0003
       27000    0.999985097483682673451279302402142278          0.997969483737928142071329687944937617           1.61027507739390794940625942449659376E-0003
       27100    0.999985495836797012591860257854390255          0.997833205405658279077707015407283491           1.76490800868283601344986494581480106E-0003
       27200    0.999985880997405852843625491762839356          0.997682460277859590364966209087303058           1.93309311777092806247093196072903189E-0003
       27300    0.999986253477602599454794132974988932          0.997516231770137162588067684854945200           2.11589826632090351838956115793675760E-0003
       27400    0.999986613765271593201522071365204101          0.997333426636117462450549037523860613           2.31446478362006428087685674031304762E-0003
       27500    0.999986962329731023634865609185194850          0.997132870368093369521301408330095714           2.53001239756526669764166592131818954E-0003
       27600    0.999987299618180036411559396540978116          0.996913303574154953181579546208926205           2.76384292923315809713706818587758744E-0003
       27700    0.999987626056936075438230512736979667          0.996673377743831713302461818689272821           3.01734471850602357264270437883546635E-0003
       27800    0.999987942055193395186749541066169809          0.996411650223815496909889325220381534           3.29199788930371374722278944378039632E-0003
       27900    0.999988248004448809331669242943034844          0.996126579741625801230098632676623462           3.58937894409092034030441206783833510E-0003
       28000    0.999988544278132657464763589748977077          0.995816521940363645737143125680628472           3.91116534593132542088066929707767347E-0003
       28100    0.999988831237341475485884643649560848          0.995479722865211323577797770054495384           4.25914228564536632835450527723171899E-0003
       28200    0.999989109221860082961430822135540216          0.995114316954953305488291966161974990           4.63520458440391173450443610758872504E-0003
       28300    0.999989378564036573944904258636007363          0.994718317225140035623200180668184856           5.04136693822354473965861497895079826E-0003
       28400    0.999989639575455871755349722674902563          0.994289615195032312964540522061942980           5.47976377374457431797726797736710283E-0003
       28500    0.999989892560134425498008933753967706          0.993825970211635748741291743339912618           5.95266031462814903616431739009884145E-0003
       28600    0.999990137805161900485866825921369722          0.993325008513689661972889030130705113           6.46245338613442585304669761012456297E-0003
       28700    0.999990375576894623483413926795464223          0.992784222142211940430320741440626038           7.01167250654971104366673594829644138E-0003
       28800    0.999990606163756139251603595379214221          0.992200933905851534490511634939193638           7.60301590646859075492978283455643736E-0003
       28900    0.999990829808772924867943806282648431          0.991572337049012415690201534988557495           8.23930947533099648136439035302160606E-0003
       29000    0.999991046756414980348854002349764777          0.990895459645707979458341237774889715           8.92354343966466153106245184085309639E-0003
       29100    0.999991257241196606067394718828773066          0.990167166582675838720978037092662398           9.65887018930057280492202510536775351E-0003
       29200    0.999991461488129076524110679601815715          0.989384154194704237701926156932747665           1.04486097044530173482200595561820805E-0002
       29300    0.999991659713150828263090445483092332          0.988542945078011198840983467221989112           1.12962548006055531493654948508632783E-0002
       29400    0.999991852123536411922126905157181754          0.987639883137296947405584743575586070           1.22054761358739478008414766300580208E-0002
       29500    0.999992038917500788320545532001526497          0.986671130195126040295076343475399112           1.31801256376087866811996675109390374E-0002
       29600    0.999992220286203960948588104546770537          0.985632659443230319201648156405393643           1.42242431301663462383051770550755170E-0002
       29700    0.999992396413990241729612161498122590          0.984520251145016530015644281575975212           1.53420606735441907155528863707699942E-0002
       29800    0.999992567475736600692154757302512033          0.983329495032325566586476541927035628           1.65380001530528084122343768092910827E-0002
       29900    0.999992733642385410243270696134532043          0.982055777443912533922132417420196014           1.78166862757398277090659957405856858E-0002
       30000    0.999992895075394351675529100337781790          0.980694291417487862589421357889488554           1.91829364077641067313073979199926536E-0002
       30100    0.999993051932056064816994862738720324          0.979240024379103981262450566709468875           2.06417730099871561435862176291084958E-0002
       30200    0.999993204362263947762216402098684971          0.977687766235222697629701676379833919           2.21984155149600757249542876157566360E-0002
       30300    0.999993352510841040421134209453251571          0.976032104814476270800473073102921030           2.38582849514827533916008211319690639E-0002
       30400    0.999993496517702251082506234585094838          0.974267427042664610409526020735960745           2.56270027951749468471518496342638112E-0002
       30500    0.999993636516226233410578106734941559          0.972387928755941334793754729167654744           2.75103811500552995502638040079553043E-0002
       30600    0.999993772635387200373511015488211459          0.970387612779848478123569305760683744           2.95144247262410854098417082355050347E-0002
       30700    0.999993904998763189948636300442095914          0.968260299845973011119991706751185151           3.16453199261585739931888701668840583E-0002
       30800    0.999994033726469533421309844890292320          0.965999628160907352622652089684644506           3.39094353248690230520748924890978567E-0002
       30900    0.999994158933068358081717154162439849          0.963599073911010373477111316560989561           3.63133011486117152984096801061261813E-0002
       31000    0.999994280729991047145249285571917260          0.961051951007361621944014302874709634           3.88636095841792848023163433555584839E-0002
       31100    0.999994399224057289998664551518858864          0.958351433449493982036764749335839172           4.15671924065978112593827581676376165E-0002
       31200    0.999994514517223994920481966058781004          0.955490575885081353342089451680578427           4.44310004303074499705464779440121465E-0002
       31300    0.999994626708811200194081285208641831          0.952462317726123772558766595400807674           4.74620994399044533077900190266780411E-0002
       31400    0.999994735895533063513603708127395906          0.949259501469042322521972547189484224           5.06676518817640387247890423099719684E-0002
       31500    0.999994842168779708331679645159269520          0.945874920522058025833591938650213529           5.40548690083485060145947891592176633E-0002
       31600    0.999994945618581857726409534637749273          0.942301311419230174320359824792788033           5.76310187330292806148164300624525164E-0002
       31700    0.999995046329595004991050878989311942          0.938531422642218273227522306384707589           6.14033567606535441518496335639408550E-0002
       31800    0.999995144385767608452201286317673177          0.934557998955649229330675412356477330           6.53791423282691213089873720984575968E-0002
       31900    0.999995239866463067456504069268057800          0.930373859039317797509731217763193331           6.95655605271178814413162238697577574E-0002
       32000    0.999995332850033444646574416036050338          0.925971890263060455636314910547245109           7.39697275858729919972962982194225243E-0002
       32100    0.999995423410969473829842896278835911          0.921345125587789074942538565459561098           7.85986139383568824730172801452673909E-0002
       32200    0.999995511621320619107550015151041006          0.916486770144842052455951358979298056           8.34590176714962300012606832709203340E-0002
       32300    0.999995597551553681879375437003201466          0.911390231640881325422398702581494016           8.85575341386761292766555149231131731E-0002
       32400    0.999995681269095153202548623771843618          0.906049192311854473181293539946185515           9.39004839933613837356268635242753700E-0002
       32500    0.999995762839954868000123590314745166          0.900457630267016350146050317795588060           9.94938918726529323359255579481126348E-0002
       32600    0.999995842326983383919558175167083690          0.894609905651889116889032458561676182          0.105343400218264491452900134515019925      
       32700    0.999995919792480806018314068105326221          0.888500759260070707004024364929158762          0.111454270703489306220545334742959783      
       32800    0.999995995295781559284477528847193660          0.882125418184878206356852748472051040          0.117831278556864872727698246688399936      
       32900    0.999996068896832894712303938186602461          0.875479560515933580197505968708893869          0.124478747914588616534833430826555317      
       33000    0.999996140647838942272971464933036645          0.868559595235737525763193020764432369          0.131400271828942893283369395500282790      
       33100    0.999996210604519019725158217281649797          0.861362418473741338588444134939622239          0.138598956154771412782574174088234081      
       33200    0.999996278820697457743157402665472226          0.853885599280979266581524860924048508          0.146077233713701855131799128290559256      
       33300    0.999996345347094301892406546612206786          0.846127476495821428850512091994538754          0.153836767419779556992528542436861871      
       33400    0.999996410233592089403292892019339176          0.838087138774559088094327434890852120          0.161878470280028621776976951983523306      
       33500    0.999996473528655738717471631627904722          0.829764487465471790039208141931054752          0.170202442518080379864838854674514787      
       33600    0.999996535281266537859298141352656412          0.821160197276209501393985978287554273          0.178808010932178614660268511311881403      
       33700    0.999996595533316610046419450387777887          0.812276072442705001835633508108396121          0.187693372648101175308873960667091259      
       33800    0.999996654331609944056306659299089718          0.803114583008230227773344412099655371          0.196856058974974040777424311165582155      
       33900    0.999996711718893015052211093889185783          0.793679263106605237896746883893973385          0.206292537028639542620451925643350304      
       34000    0.999996767737274884032013790071762252          0.783974588444362295272268688060716084          0.215998332290704503335164470207616282      
       34100    0.999996822427955468512480040989271779          0.774005998858986454475374905977926200          0.225968006051209481859281287042094953      
       34200    0.999996875830744805331144103166363045          0.763779930173416106525435023397851106          0.236195123553179561867672958396483318      
       34300    0.999996927983881718879700816743481512          0.753303828589568601284661561295483455          0.246672239601456659051343092042903750      
       34400    0.999996978925273045839473447803150645          0.742586070996381041333956263965357425          0.257390978270695593245938859652705828      
       34500    0.999997028693078061736239576200163015          0.731635900237424694872707864826464575          0.268342097646373602732394646659844645      
       34600    0.999997077319844206169417602610246702          0.720463786741953978014332727225689495          0.279515128142179862878382556977099119      
       34700    0.999997124841633173406399610592048346          0.709080806815012238498552711675868080          0.290898994299874051496601508809940466      
       34800    0.999997171291817516168090058999518973          0.697499001458921694651563087128962241          0.302481655912270469126123517780001513      
       34900    0.999997216703021976394430986030774813          0.685731202802443357898135446130062012          0.314250281615665729804813039497752913      
       35000    0.999997261107115144424109251751128742          0.673790977054323636721925531948990935          0.326191305939125572420985520450372125      
       35100    0.999997304534599751328002017728290527          0.661692611135153072296440187157016602          0.338290442670257440362994615980099886      
       35200    0.999997347015256926218506128514038543          0.649450996083066508241286276602887500          0.350532801457928967403402173320209952      
       35300    0.999997388577944590592059288422933763          0.637081569426263047500664716790103428          0.362902945440522765510515567158792185      
       35400    0.999997429250420327033773723204266643          0.624600254288378825049461808127357241          0.375384952141553711904506548487342187      
       35500    0.999997469060112041550595049339716382          0.612023308797461819072283365782035039          0.387962564069019509045710291430475220      
       35600    0.999997508032803990736631222902724694          0.599367361743043322467980884694171948          0.400619153049888364639943001648430327      
       35700    0.999997546193966954952833525790370140          0.586649205260287989515288432928391612          0.413337927558232625332464604148253108      
       35800    0.999997583567844956555793328539161708          0.573885793856726475440252042898777790          0.426101933682993965462541895384794025      
       35900    0.999997620178016142538942554037442150          0.561094104289869960091048843995713033          0.438894195256021245233058956933758135      
       36000    0.999997656047389340487101612185113704          0.548291048285301814554666037561100780          0.451697801134974248937412260185013247      
       36100    0.999997691197544782744504676021776993          0.535493458204422192603900637904630723          0.464495919531970559323026978135836532      
       36200    0.999997725649927037748977325428994774          0.522717880412131617699133489945107868          0.477272004654944912420143804888814998      
       36300    0.999997759424532480218698500261133263          0.509980637643917793897743433572502936          0.490009734332189058341559853103212812      
       36400    0.999997792540919868359556787638311666          0.497297647360597474047777471356242059          0.502693191664877616218679999547798642      
       36500    0.999997825018198254317993563439802692          0.484684351656516409000039969396717400          0.515306935118763284694721727220301813      
       36600    0.999997856874120516140360444582741234          0.472155757443698029853294400501960003          0.527835958334517657446232419236548459      
       36700    0.999997888126188024160316172245385982          0.459726253889278602268529662722832359          0.540265872697102789229302973125592567      
       36800    0.999997918790909224053978321678837883          0.447409646379664440020971712504605554          0.552582873366921557330802177847058494      
       36900    0.999997948884272827124048728201322253          0.435219057118727126091728860284402283          0.564773838684140211247683207554874674      
       37000    0.999997978421617756759272320120905042          0.423166902114080890897777508390021837          0.576826353181215832589173139308935442      
       37100    0.999998007417656025959665245280284196          0.411264857301615767668217049980076924          0.588728741458008889229861366267517988      
       37200    0.999998035886496016690335365814018633          0.399523831310583806278287009336218683          0.600470095416272579694913735296725580      
       37300    0.999998063841666045472080647801394721          0.387953944786188703990340567311921953          0.612040294936582561692368427945592141      
       37400    0.999998091296138097358102690382839563          0.376564516110443475119192748702001874          0.623430022156955941343907381754110435      
       37500    0.999998118261304669244840022716856684          0.365364182298728554625424391789495671          0.634630640571031638391302582991748214      
       37600    0.999998144751004566691518116280288269          0.354360403752948439991618556127834223          0.645634690292520815556567068750450842      
       37700    0.999998170775828608869491942313331636          0.343560171633695520344452905666993431          0.656435180656261064062717579691727566      
       37800    0.999998196346639321848775644021883710          0.332969586078006405007183382623975418          0.667026012016100162823019014395938006      
       37900    0.999998221473986718895380925686982959          0.322593943960388514946726827623092266          0.677401887980395361953134350123726073      
       38000    0.999998246168003849015066025966879459          0.312437772064605653365904933205266332          0.687558282239118803397885103179511432      
       38100    0.999998270438542739019488565951658483          0.302504834554829015008741600278004576          0.697491431092614728867690964072338787      
       38200    0.999998294294737293005623720445229091          0.292798213729133497231432444816995955          0.707198252695933613746344593194921808      
       38300    0.999998317745714308990853970104607003          0.283320253288237167756745960370866535          0.716676403792231638516550819715470227      
       38400    0.999998340800042617373399504141704928          0.274072658063992656940308303363895662          0.725924179981791292574264768968878240      
       38500    0.999998363466196746350468404625102061          0.265056472385028858960996726923413953          0.734940537357580563598093836690431772      
       38600    0.999998385751472577834798198078681435          0.256272244978231471679418038653725401          0.743724927599976482789656235113016172      
       38700    0.999998407665060389744370984316708899          0.247719701796845841469347924487395218          0.752277625157903331168242514691287096      
       38800    0.999998429213954189710258011519640465          0.239398269369442767369228458022247961          0.760599203886822772718187963675125365      
       38900    0.999998450405028479681240889993814643          0.231306864050271106137736810181348504          0.768690747804923330417926275307984875      
       39000    0.999998471245636394359144254913888144          0.223443862506150081500942613874139835          0.776553880607575538122602641707120945      
       39100    0.999998491742604056073654028607852411          0.215807256575916129077894909727747231          0.784190610804892188695073694984801669      
       39200    0.999998511902363155067943364352002067          0.208394673747668169649980203918944132          0.791603311244924380812151132456511305      
       39300    0.999998531731443281889922160108220496          0.201203358234876745599799959641072724          0.798794738038795728482929570289213791      
       39400    0.999998551235296143398310204889223361          0.194230335296178016632102565851834049          0.805767866238184571733380510783125569      
       39500    0.999998570421578393143175140378065932          0.187472089017043741452726835616576071          0.812526212061210622754811667423273938      
       39600    0.999998589295422069315609684408953548          0.180925109600263077730056721416086434          0.819073285591263073668206566864476051      
       39700    0.999998607862504168224911312393779647          0.174585589397049436915829746689755402          0.825412894753167192741375640679285698      
       39800    0.999998626128448502839981821705493220          0.168449519015407890382216379314974961          0.831549049203567496203945319343710735      
       39900    0.999998644098742130871662810165395226          0.162512724755251364225740096591294452          0.837485922895838372850201675477602754      
       40000    0.999998661778825158355484839192414892          0.156770886475067609251778728711399342          0.843227836213815930899191159662805820      
       40100    0.999998679173846645193381903126427493          0.151219587080822274658858919089368562          0.848779206482714655708290212947729047      
       40200    0.999998696288844108002500491998635338          0.145854317487889284296183176932609110          0.854144543007825642817369551589670990      
       40300    0.999998713128984830683760716147422530          0.140670475825306760746576159680619574          0.859328447870924629852398505978396735      
       40400    0.999998729698932330558417924035291422          0.135663448103854946571486469484448893          0.864335535261475079664484642482897453      
       40500    0.999998746003720428318133205676485891          0.130828544378871864748828023697091077          0.869170495315501369645700541652853751      
       40600    0.999998762047895784346998833159258885          0.126161096074369067818112881943653938          0.873837996790472356551870296720307307      
       40700    0.999998777836068620065104277869701663          0.121656420309999079990047141994811815          0.878342722739498183098241278208587086      
       40800    0.999998793372831437237845217602864095          0.117309842374846760564050458994756965          0.882689348037717147438596790054779801      
       40900    0.999998808662542332882391224729984122          0.113116727417152779688090832154792470          0.886882507692618340789944690935182014      
       41000    0.999998823709620498104179597451257486          0.109072466412834595742879085636580501          0.890926810876228354681520587273076290      
       41100    0.999998838518191951748036137467793257          0.105172516365967662188949451386862687          0.894826800724522955508835888235281636      
       41200    0.999998853092516790850838616086526284          0.101412373867225190447816445108469553          0.898586980779813449932804731027711550      
       41300    0.999998867436774074133467636587247746           9.77876016208966307730365782122954204E-0002    0.902211788463773283074899186388239272      
       41400    0.999998881554866461382906483629491914           9.42938503921251993933212388977238534E-0002    0.905705573130319794445678402232090152      
       41500    0.999998895450826967999009730627321531           9.09268331446146661740445073438723859E-0002    0.909072621928634609653079020399460958      
       41600    0.999998909128422110037500920952346021           8.76823609389957433026491355550162224E-0002    0.912317123904691900085424061476546090      
       41700    0.999998922591734179372665911720154128           8.45563040648038983598783339539240728E-0002    0.915443208870108853457485093671081812      
       41800    0.999998935844267113061577945291259956           8.15446614960484757338471438562656989E-0002    0.918454877946041711513139305495105415      
       41900    0.999998948889839532877703787668393632           7.86434985797755090300589918847918273E-0002    0.921356065875694230179830025657022103      
       42000    0.999998961732077492464304821594962553           7.58489864069555006087055415448814021E-0002    0.924150601653236728040865447651556074      
       42100    0.999998974374425362554063661348120210           7.31574019580706808266950553095898403E-0002    0.926842208378499393570861415351786981      
       42200    0.999998986820504702357540568880455307           7.05651053242992998104940786478892632E-0002    0.929434526036299009854010509777448296      
       42300    0.999998999073639529665712347613963886           6.80685722401601863191327234525753162E-0002    0.931931078963670712290529999804950993      
       42400    0.999999011137213224348831476772380375           6.56643707080246138817632142157790011E-0002    0.934335299225843125064033996349031854      
       42500    0.999999023014660594502169391968080374           6.33491622797921195572660890280318921E-0002    0.936650525334753603889411798315800090      
       42600    0.999999034709241932096059477820256445           6.11197158502552083028370718678412628E-0002    0.938879988455739305835874380856575716      
       42700    0.999999046224052580677930786532173687           5.89729056891631183253427394643319605E-0002    0.941026814375689014915647371999365567      
       42800    0.999999057562243866105147113202280954           5.69056972779471374771066463521118632E-0002    0.943094037666636901908676981133539378      
       42900    0.999999068726911336587470896451974080           5.49151530986405114032464683603008156E-0002    0.945084595896947629506140018838869190      
       43000    0.999999079721198373990413150264038902           5.29984256301706376035863414757852042E-0002    0.947001336635245072750532150116210772      
       43100    0.999999090547884494783558462937302059           5.11527783930041597102832471323571692E-0002    0.948846996405718646339273046249406653      
       43200    0.999999101210107019134716843332509870           4.93755447862617479895159836177972597E-0002    0.950624241851526432878529396801683672      
       43300    0.999999111710644158616205986405423827           4.76641652744896847833684091408495266E-0002    0.952335632547809766489492595705082763      
       43400    0.999999122053172576331376562501616627           4.60161208674033471246921952356365034E-0002    0.953983687522652644365396204426297318      
       43500    0.999999132238706443044318701035867622           4.44291104832354985834108229229747796E-0002    0.955570707892324012505179365966283909      
       43600    0.999999142270896934904474060046582832           4.29007812406710242406276562158346095E-0002    0.957099046571769219600260143339110578      
       43700    0.999999152152422645168118065499873289           4.14289096716962609054637806589901126E-0002    0.958570927060292436294092855988154902      
       43800    0.999999161885913662049926661607240076           4.00113523517484236798288192066786009E-0002    0.959988492811928443097909339076679218      
       43900    0.999999171473862540388972401122407913           3.86460477130845392284147877085996951E-0002    0.961353805422147395071127728709175386      
       44000    0.999999180918985476777770265143655541           3.73309975705818275907501423440271480E-0002    0.962668863102280141384565807075599471      
       44100    0.999999190223593234468738461994831122           3.60642932275245964552321362846044340E-0002    0.963935574573604661472952194670035585      
       44200    0.999999199390219035207599196386223007           3.48440852078307863585300622984619770E-0002    0.965155789335424925045203450335317932      
       44300    0.999999208421568732908785115775811540           3.36685843691133394302601124221120859E-0002    0.966331296552060846572521463353649632      
       44400    0.999999217319268693616054984581334868           3.25361110379165450802891115576901784E-0002    0.967463775917322564787952917051780147      
       44500    0.999999226086056042529996698994689423           3.14450021414506340377761577571569765E-0002    0.968554890523507171752634320962993654      
       44600    0.999999234724199012495089465827129371           3.03936749441982574087046076438568159E-0002    0.969606223124382645822173837177671882      
       44700    0.999999243235764158744975372572965003           2.93806130592992948922778643993165470E-0002    0.970619290123960101345047779757412182      
       44800    0.999999251623179594818614432151323454           2.84043429947446358948837968256625109E-0002    0.971595565030506406855624451819657730      
       44900    0.999999259888431147558510797405482564           2.74634627812969660733994230101823285E-0002    0.972536449828475094683018100274259188      
       45000    0.999999268033626747975575083804980031           2.65566184922734048769710243165235239E-0002    0.973443298458924256335122106516045431      
       45100    0.999999276060835046113372415635202593           2.56825085497055385356310344888825072E-0002    0.974317412513366050353195057265200072      
       45200    0.999999283972160442186425332050183890           2.48398793218092684892929770447288706E-0002    0.975160045636361257048556210011337907      
       45300    0.999999291769861284296420700761811007           2.40275196604938528155152704977894302E-0002    0.975972408988076819641882891917832731      
       45400    0.999999299455180242939378624544491658           2.32442977021933105899216807535844362E-0002    0.976755634443266734776260032830189207      
       45500    0.999999307030478650965391645504186235           2.24890880450557208611208774741200746E-0002    0.977510847414553076570615671691516077      
       45600    0.999999314497495180970412719220310497           2.17608281398414528346456153773440790E-0002    0.978239110461214992878888602478412272      
       45700    0.999999321858218295772032978904977616           2.10584881620801682145157718231209031E-0002    0.978941453417237482487245966684257542      
       45800    0.999999329114389042091465739566859364           2.03810851757690977339562944798774336E-0002    0.979618859227555897224829855001505019      
       45900    0.999999336267785709635210274667973541           1.97276726377812932732004368464960108E-0002    0.980272274443731472741981391833228436      
       46000    0.999999343320153193929801104303212815           1.90973411736615833930569019470850085E-0002    0.980902608448172343050321855100121766      
       46100    0.999999350273203611688772751265215810           1.84892171421791652767137918024237969E-0002    0.981510734889609251033574102509271245      
       46200    0.999999357128616908327333503951764359           1.79024612485243612505250163789563431E-0002    0.982097493069925407505983477848375337      
       46300    0.999999363887977704026684152854947911           1.73362689127034222639346776617153092E-0002    0.982663687575778069729887416524808546      
       46400    0.999999370553031767900958020808981001           1.67898620897561498367194121014925512E-0002    0.983210096458439472059624319425426658      
       46500    0.999999377125239429152371905478826810           1.62625000377044397293512588399834403E-0002    0.983737460465809409538712258415614119      
       46600    0.999999383606221572706707840732196194           1.57534662203537635204691724623600481E-0002    0.984246496139694681641696143603616758      
       46700    0.999999389997506075475792736592873874           1.52620739189522718405846718399197517E-0002    0.984737890204135427630918714863393084      
       46800    0.999999396300592117914750636424889855           1.47876634099844959922234407822384042E-0002    0.985212302387638468530721120012464982      
       46900    0.999999402516891981897662106355176546           1.43296022807342454254280143293866662E-0002    0.985670365107625341258093567640440608      
       47000    0.999999408647909419280964659155584828           1.38872801367018619846934951667959242E-0002    0.986112688763051039792107989280356875      
       47100    0.999999414695060746023506597998750880           1.34601119655403949793718352406771292E-0002    0.986539858370462733218688853459210181      
       47200    0.999999420659679298079202632877198371           1.30475369483836717200743567127088277E-0002    0.986952434752687648769177338243475998      
       47300    0.999999426543131054857003658111686552           1.26490149072933607061705179308883188E-0002    0.987350958091411289514263779108606390      
       47400    0.999999432346811344131008601581852256           1.22640256376062852562553942124665202E-0002    0.987735948594841441237975587918784556      
       47500    0.999999438072033275353184433361629098           1.18920705196853456391822101714372667E-0002    0.988107904885958588375891591345942115      
       47600    0.999999443720031910743241872136940677           1.15326715024215084021256432415447749E-0002    0.988467305019026445556356088366781210      
       47700    0.999999449292073871127753352717696110           1.11853680188057008310890505326416096E-0002    0.988814609564040277501763838204096974      
       47800    0.999999454789454247798759484237302716           1.08497164198397621015641690162828669E-0002    0.989150262172824772374258106495142056      
       47900    0.999999460213339350645987022884449653           1.05252923963894735941835904982099129E-0002    0.989474687157177784849645426808592368      
       48000    0.999999465564926274321067141438830493           1.02116870700632586339083876745667595E-0002    0.989788293398013474056900515267481040      
       48100    0.999999470845439954177719343539171902           9.90850649452786473632970140488819661E-0003    0.990091474844053945940415315901798600      
       48200    0.999999476055932492779578685798500494           9.61537476283342920237407109518815878E-0003    0.990384607404497760439134929558559007      
       48300    0.999999481197635080091682003117476199           9.33192685775409284291024245527238094E-0003    0.990668056098711470652917948360002014      
       48400    0.999999486271608234701745739628599368           9.05781453841723876935715337381332860E-0003    0.990942169169582834549245187133628381      
       48500    0.999999491278942032428024474731356729           8.79270209007345904008015403263317096E-0003    0.991207282333771252705448684279307309      
       48600    0.999999496220706398501762053389459120           8.53626671151001387238396550539158117E-0003    0.991463718394296919609483290502823245      
       48700    0.999999501097951509020513844571666407           8.28819799540381340403261512808164120E-0003    0.991711787760193610988834117590243041      
       48800    0.999999505911708184660880066770076159           8.04819742990370351258880483135916380E-0003    0.991951788944931829857648917986808375      
       48900    0.999999510663033498275593180569437771           7.81597720394720432316209369069521251E-0003    0.992184009761109582733641203061986385      
       49000    0.999999515352785045802001222982281925           7.59126333212089955488102391790419217E-0003    0.992408724195584808276033830753865412      
       49100    0.999999519982073532612785655808442252           7.37378804843358103110010369148266850E-0003    0.992626200015730767805585600503688385      
       49200    0.999999524551810922038506479888008590           7.16329655133307574025026666297132257E-0003    0.992836692024399493918957728380008010      
       49300    0.999999529062893903795377946429970837           6.95954364712827261416699700288680436E-0003    0.993040445416513798979735518025663423      
       49400    0.999999533516331540025443907703592539           6.76229153551801386486404642996659831E-0003    0.993237697993547827741893427690489362      
       49500    0.999999537912944085909478277262791367           6.57131387567516546099944006619214749E-0003    0.993428676097432532641923357439523419      
       49600    0.999999542253622354099748098233067013           6.38639160604989357116872824390764042E-0003    0.993613598790767878936616158500370231      
       49700    0.999999546539322774680561511443083123           6.20731279208198424275118628467526522E-0003    0.993792678009112841750356565353499814      
       49800    0.999999550770820281842051842688427477           6.03387570533654887761198971214566538E-0003    0.993966115481842473608882241375838906      
       49900    0.999999554948998031511839622289463851           5.86588450750486323645325640434742934E-0003    0.994134107048161939322990048446821765      
       50000    0.999999559074643151742629389952993752           5.70315173434357072134196329684651017E-0003    0.994296840173161684087864580843053906      
       50100    0.999999563148607674539086011765752681           5.54549588111755850665971991892198101E-0003    0.994454496362383255231111845003262183      
       50200    0.999999567171650171672245103488280682           5.39274318631716491025173055736415394E-0003    0.994607249378098550764652604486841991      
       50300    0.999999571144592770056599589670698046           5.24472536802894841679577150384935083E-0003    0.994755267502946933435465540445103067      
       50400    0.999999575068166620468473851905265748           5.10128130662049600261109233360815622E-0003    0.994898711857247130021278542190624669      
       50500    0.999999578943165114003549400317066558           4.96225492171080804599406010705952997E-0003    0.995037738522033996293532471877532717      
       50600    0.999999582770256428436283333444741333           4.82749718202257165616877678562017903E-0003    0.995172496529202083395634584936604589      
       50700    0.999999586550280060904177001805352232           4.69686241320397215561760242624089386E-0003    0.995303131553694771374296659074370712      
       50800    0.999999590283878455297383515010545905           4.57021236644524150709826538905432413E-0003    0.995429781844878122704391438069632724      
       50900    0.999999593971755506434391264930909416           4.44741300786351294988118725359415333E-0003    0.995552581437165513043766294133594186      
       51000    0.999999597614602639489368677313018926           4.32833519011507992035508318662573052E-0003    0.995671659478404558972912787055112829      
       51100    0.999999601213099056659224763708929931           4.21285446230563875240549906588656337E-0003    0.995787140419968283147352529567777770      
       51200    0.999999604767946081422048765198136825           4.10085053526920759024875793919154963E-0003    0.995899144551478371239477473051144315      
       51300    0.999999608279730582506352653399804731           3.99220852654305713872049381264859020E-0003    0.996007786755828076677386905367346987      
       51400    0.999999611749164337846942547798955648           3.88681631488533991549748489840981242E-0003    0.996113179154671740425219931437514258      
       51500    0.999999615176845937274343396575507060           3.78456683614808213563395066271606566E-0003    0.996215428812547031529340529072125624      
       51600    0.999999618563397007967423160703577628           3.68535652994002803724065088484378153E-0003    0.996314639290216509351887771582572072      
       51700    0.999999621909428328935447128721807556           3.58908554387210967086141255268183902E-0003    0.996410910440422309262408277716418152      
       51800    0.999999625215540043689375353884464528           3.49565759141076095595934893067127343E-0003    0.996504338550033775437201393243601153      
       51900    0.999999628482321868445053835041657936           3.40497981547990197567995393431282520E-0003    0.996595016476446371775631145757535798      
       52000    0.999999631710322246299486423684203773           3.31696293628853376175282666578332465E-0003    0.996683033499754333681036533440421903      
       52100    0.999999634900173102658524916878145894           3.23152000290929106589567868624591487E-0003    0.996768476571175340494354611964346723      
       52200    0.999999638052402665740134094671092566           3.14856796908679019328710495041616114E-0003    0.996851428737239249536924404014204205      
       52300    0.999999641167530945488740148079273291           3.06802669398887506360183713815295476E-0003    0.996931970139039514435516561549769753      
       52400    0.999999644246129172297401162491255369           2.98981833666617270430356099895897555E-0003    0.997010178617775310665885117412642456      
       52500    0.999999647288757931236605609284559382           2.91386780444071764526239269995009913E-0003    0.997086129266362363216645105390582116      
       52600    0.999999650295851466243731829244751350           2.84010358707958410661734461264640792E-0003    0.997159893595258065599214026069490872      
       52700    0.999999653267982337963749680142732124           2.76845547202796968189662046622307525E-0003    0.997231541817233385111609047970368019      
       52800    0.999999656205655066242419144014653445           2.69885616754446076481717418387989422E-0003    0.997301141224234658041728594684322868      
       52900    0.999999659109365600232069452756429005           2.63124071519736559621332204642123682E-0003    0.997368756774888785484027388766303189      
       53000    0.999999661979573786394732713322280396           2.56554661252573605008690503341506813E-0003    0.997434450971842303925916096756098079      
       53100    0.999999664816814627110619917000196797           2.50171288497881649487312993297101544E-0003    0.997498284789823995623164641351671138      
       53200    0.999999667621450079485039170499029889           2.43968187611403971824807063197961068E-0003    0.997560315885443816876149312787972692      
       53300    0.999999670394053256418136321776342032           2.37939630398172256522643713302819123E-0003    0.997620601540813963198845606463340189      
       53400    0.999999673135052246374034830008210845           2.32080184313818347671340264455574108E-0003    0.997679196081531196703965725612765592      
       53500    0.999999675844868703392566850363133873           2.26384600681862647663754659433655081E-0003    0.997736151994506304614485761771806570      
       53600    0.999999678523943852192877976078419396           2.20847790263194914639850721046168384E-0003    0.997791520172269948025486928804696525      
       53700    0.999999681172737165564537137409421962           2.15464819237068645168212997680502817E-0003    0.997845349953162986162843040489607977      
       53800    0.999999683791649094108958868507201438           2.10230955636962915269669047977917864E-0003    0.997897688656977258966031125545785228      
       53900    0.999999686381124244658162024300720056           2.05141593195567256722705580292487713E-0003    0.997948582346507255258931284845585279      
       54000    0.999999688941524820451765346859837748           2.00192329624077640551594568554783513E-0003    0.997998075044756005740117796389968456      
       54100    0.999999691473306436719060408194080902           1.95378846040976513141182394573229584E-0003    0.998046209940649488618658644849693889      
       54200    0.999999693976843115471057315607546335           1.90697015654458917124788882966148905E-0003    0.998093028302210711692922328707248929      
       54300    0.999999696452551350503679775745059701           1.86142818921732974474543073500183317E-0003    0.998138570324968273822739704187533439      
       54400    0.999999698900768970781190763511947149           1.81712414035721273313176282558149658E-0003    0.998182874427088360027074490857154266      
       54500    0.999999701321923428006767947718793214           1.77402028952485612819486356935582439E-0003    0.998225978329102365381630478539117236      
       54600    0.999999703716364269270542800188493665           1.73208059176815116350534507946856490E-0003    0.998267918076049588579504482033583952      
       54700    0.999999706084458933767304409656251518           1.69127005005253369950670501098904252E-0003    0.998308728665048087210060467941177543      
       54800    0.999999708426591605885642479343376623           1.65155469093954056737749489397052809E-0003    0.998348444069616267576505534096463536      
       54900    0.999999710743049698858782615247087501           1.61290216614347905921599971857477372E-0003    0.998387096638115428214958652840147648      
       55000    0.999999713034273463124308129730205683           1.57528030606314467420330731525868941E-0003    0.998424718540220320628212303301566996      
       55100    0.999999715300539623838337134941391491           1.53865885777642296888991572961208248E-0003    0.998461340028922056135910057481380647      
       55200    0.999999717542209290577935128758110547           1.50300806491808142184110441340551115E-0003    0.998496990860652524793768978779280524      
       55300    0.999999719759615642359784822069193537           1.46829925838288271917992840454496413E-0003    0.998531699704580498561911154984351624      
       55400    0.999999721953086511265955347098046889           1.43450469735686369642506460061979663E-0003    0.998565494301580676013074866944545264      
       55500    0.999999724122923383516428765208967577           1.40159764381941653754709042224644347E-0003    0.998598401389731584495135760689034326      
       55600    0.999999726269486104382757722154981147           1.36955190037161687298077348817440422E-0003    0.998630447166487972933776148425924112      
       55700    0.999999728393045066639047773955826994           1.33834253221405105836569491305947881E-0003    0.998661656566702063108917074227868608      
       55800    0.999999730493928764722213995279718886           1.30794509153751694421870606648254150E-0003    0.998692054038233990241811420240705345      
       55900    0.999999732572439720350220238697889746           1.27833601491972727163430726904936176E-0003    0.998721663144554621539955329283714660      
       56000    0.999999734628875668140777635891951166           1.24949248939728963148742523347514548E-0003    0.998750506698673825786646025830395329      
       56100    0.999999736663509826221584927771164412           1.22139251836660334838320732168005948E-0003    0.998778606697239555343815364822201953      
       56200    0.999999738676650837537152135598015539           1.19401461666203529206515920616674680E-0003    0.998805984625460125010837273685420451      
       56300    0.999999740668563170204263501927673155           1.16733815857492812018576928145609614E-0003    0.998832661109084810281683845907983018      
       56400    0.999999742639565273752104662373765054           1.14134290687028984466365445575494828E-0003    0.998858656385387810532927118518052235      
       56500    0.999999744589874562345829378423120381           1.11600968670260452189020060174239785E-0003    0.998883989629251644686473815608655819      
       56600    0.999999746519819432165749672713547886           1.09131942129561063029753786622406149E-0003    0.998908679917488622456543706278156844      
       56700    0.999999748429628584063473636381993795           1.06725404127087365894293504491824702E-0003    0.998932745319511192996573518712833705      
       56800    0.999999750319564989126682705795260647           1.04379587546674855760226600346560937E-0003    0.998956203506513778375467018759720157      
       56900    0.999999752189905794488838063722751344           1.02092772679359693713274461858453143E-0003    0.998979071675617498443957726289561493      
       57000    0.999999754040905331572351151653043213           9.98633009478467996507330182220704609E-0004    0.999001366412625366695923469777018225      
       57100    0.999999755872778228306692760623058268           9.76895793321673951552402016275583642E-0004    0.999023103647765708383768460102503291      
       57200    0.999999757685807539534508153288181544           9.55700350446487856688355499081137224E-0004    0.999044299108943021869972965993602544      
       57300    0.999999759480236023114051315084740607           9.35031582002603500892487314182868720E-0004    0.999064967895034057382603607194856018      
       57400    0.999999761256268000790113053486534718           9.14874984839809216504741805401492665E-0004    0.999085124509214223284379135287044469      
       57500    0.999999763014191455891039927190369149           8.95216166095142393405515754023121503E-0004    0.999104783344371002806150777592442676      
       57600    0.999999764754186615618294077926615919           8.76041564449045164654331086150681100E-0004    0.999123957961847027570326422714434938      
       57700    0.999999766476516453262434107393505430           8.57337709390058925157636648829504972E-0004    0.999142661832176228931010224140151545      
       57800    0.999999768181389079359487896764283574           8.39091728030176688458196757132931140E-0004    0.999160907828267957230593583770067900      
       57900    0.999999769869009858683043600365386523           8.21291132808828270107627316473684720E-0004    0.999178708437703256596318781747352056      
       58000    0.999999771539646867259929010798745536           8.03923579012297653427185121991344224E-0004    0.999196076005215723144637544120671849      
       58100    0.999999773193465782939052350025549735           7.86977441334003309453367082450975362E-0004    0.999213022156130645056690272129274923      
       58200    0.999999774830711146407905322143830507           7.70441158112472596323009914285227116E-0004    0.999229558452127734864589824216209598      
       58300    0.999999776451559533241699177051652590           7.54303734858412746861555006346801635E-0004    0.999245695887713559809766668306469341      
       58400    0.999999778056248537589661609267769044           7.38554289076822661378559094471008846E-0004    0.999261445345399913971211326490286786      
       58500    0.999999779644949156222000189432203742           7.23182473122225609829882187070871234E-0004    0.999276817172848179247983365183307916      
       58600    0.999999781217892268089987657866267334           7.08178040366511607226065603916452489E-0004    0.999291821616701933729222067818078732      
       58700    0.999999782775258760741587161886078117           6.93531200025621906155291382188371926E-0004    0.999306468467759934087001326563801503      
       58800    0.999999784317227201457050676481147794           6.79232447188871918671125882706769143E-0004    0.999320767230946979193365596975476138      
       58900    0.999999785844018811169492549740858787           6.65272414269380459453908188893414742E-0004    0.999334727273863636319368068180846838      
       59000    0.999999787355791482880786842994315217           6.51642196366495032539850640793108801E-0004    0.999348357501423522365668254307475563      
       59100    0.999999788852745567994077907978714416           6.38333010414354060917715540333643732E-0004    0.999361666696705079053122627773644781      
       59200    0.999999790335078121852644977196856729           6.25336332683453241408508199752783641E-0004    0.999374663383449888948862983836307062      
       59300    0.999999791802939716579245002098276573           6.12644017593286778684580489582183202E-0004    0.999387355707249941399965576774514124      
       59400    0.999999793256507954685379126529050396           6.00248068019639559566928532475662109E-0004    0.999399751665240563895328251869252042      
       59500    0.999999794695986129247045643576431351           5.88140637604135905310522493342211678E-0004    0.999411859103790879375542012951834176      
       59600    0.999999796121517864347215519452150387           5.76314270079308237137755700663729025E-0004    0.999423685479178537425779275573102791      
       59700    0.999999797533286984558203075181745833           5.64761603076795443078795890935089178E-0004    0.999435238153781790055086417284977385      
       59800    0.999999798931460573613447529410358794           5.53475526086123663499248597655503030E-0004    0.999446524238120581499211631999940109      
       59900    0.999999800316203295622331562545019510           5.42449132431501935887989712371161915E-0004    0.999457550638879805353995378083428816      
       60000    0.999999801687650449880270872851005974           5.31675785216034418286387974771000502E-0004    0.999468323992965047237899967856865639      
