,T,n_h1/n_h,Pressure,Internal_Energy,Specific_Heat
,100,1.37768751743912883551770104309468420E-0341,8.252532455,12.3787986825,123787990.326146
,200,4.98021150813695E-170,16.50506491,24.757597365,123787990.326146
,300,8.71146250875445E-113,24.757597365,37.1363960476,123787990.326146
,400,3.88313557782932E-084,33.01012982,49.5151947301,123787990.326146
,500,6.23874817549378E-067,41.2626622751,61.8939934126,123787990.326146
,600,1.89076873894639E-055,49.5151947301,74.2727920951,123787990.326146
,700,3.05865606787252E-047,57.7677271851,86.6515907776,123787990.326146
,800,4.44668330170907E-041,66.0202596401,99.0303894601,123787990.326146
,900,2.79017742007832E-036,74.2727920951,111.4091881427,123787990.326146
,1000,1.93791593119019E-032,82.5253245501,123.7879868252,123787990.326146
,1100,2.7133921399815E-029,90.7778570051,136.1667855077,123787990.326146
,1200,1.14234778621883E-026,99.0303894601,148.5455841902,123787990.326146
,1300,1.90738413718126E-024,107.2829219152,160.9243828727,123787990.326146
,1400,1.53939297209907E-022,115.5354543702,173.3031815553,123787990.326146
,1500,6.94317716047701E-021,123.7879868252,185.6819802378,123787990.326146
,1600,1.95141328252482E-019,132.0405192802,198.0607789203,123787990.326146
,1700,3.71443208709542E-018,140.2930517352,210.4395776028,123787990.326147
,1800,5.10892190679089E-017,148.5455841902,222.8183762853,123787990.326162
,1900,5.3442097773697E-016,156.7981166452,235.1971749679,123787990.326303
,2000,4.42934875332666E-015,165.0506491002,247.5759736504,123787990.327328
,2100,3.00676869343673E-014,173.3031815553,259.9547723333,123787990.333437
,2200,1.71771451201844E-013,181.5557140103,272.3335710177,123787990.364174
,2300,8.44564283830774E-013,189.8082464654,284.7123697092,123787990.497546
,2400,3.64136673029777E-012,198.060778921,297.0911684289,123787991.006145
,2500,1.39852064351278E-011,206.3133113782,309.4699672494,123787992.737639
,2600,4.84864353972595E-011,214.5658438407,321.8487663925,123787998.070793
,2700,1.53475604166463E-010,222.8183763195,334.227566478,123788013.101806
,2800,4.47863002275664E-010,231.0709088438,346.6063690981,123788052.244514
,2900,1.21499909855323E-009,239.3234414861,358.9851780518,123788147.218471
,3000,3.08663877214468E-009,247.5759744145,371.3640018182,123788363.487396
,3100,7.38962807853449E-009,255.8285079959,383.7428582268,123788828.596438
,3200,1.67645547789879E-008,264.0810429876,396.1217828014,123789778.495807
,3300,3.6216629498555E-008,272.3335808784,408.5008429564,123791629.717044
,3400,7.48233192496789E-008,280.5861244648,420.8801610998,123795087.079491
,3500,1.48399451590806E-007,288.8386787889,433.2599507468,123801298.207422
,3600,2.83507250930115E-007,297.0912526079,445.6405709454,123812067.422999
,3700,5.23292199015098E-007,305.3438606194,458.0226056131,123830142.317327
,3800,9.35721012127569E-007,313.596526729,470.4069757194,123859586.345382
,3900,1.62489344845868E-006,321.8492887154,482.7950935935,123906250.309373
,4000,2.74617376404119E-006,330.102204716,495.1890697057,123978353.36649
,4100,0.000004526,338.3553620373,507.5919835578,124087183.499408
,4200,7.28707250481482E-006,346.6088888562,520.0082307353,124247922.543838
,4300,1.14803029880024E-005,354.8629694532,532.4439588663,124480598.872358
,4400,1.77236246470716E-005,363.1178636712,544.907605177,124811166.285783
,4500,2.68493280818624E-005,371.3739313484,557.410548106,125272704.044013
,4600,3.99602354593507E-005,379.631662495,569.9678844048,125906727.621528
,4700,5.84956168836951E-005,387.8917140235,582.599342643,126764598.420685
,4800,8.43073813782395E-005,396.1549538118,595.3303415166,127909012.83282
,4900,0.000119747,404.4225128753,608.1931999363,129415549.903992
,5000,0.0001677637,412.6958465074,621.2285078298,131374267.639912
,5100,0.000232013,420.9768046575,634.4866461149,133891273.761482
,5200,0.0003169777,429.2677128356,648.0294787321,137090322.434967
,5300,0.0004280978,437.5714633473,661.9321899178,141114325.272941
,5400,0.000571912,445.8916175943,676.2852725108,146126787.306486
,5500,0.000756208,454.2325197202,691.19665864,152313134.493427
,5600,0.00099018,462.5994210648,706.7939611509,159881845.132972
,5700,0.0012845953,470.9986163294,723.2268405371,169065437.696787
,5800,0.0016519647,479.4375901681,740.6694474367,180121190.60128
,5900,0.0021067142,487.9251727381,759.3228921881,193331501.220912
,6000,0.0026653627,496.471706809,779.4178120632,209004088.064439
,6100,0.0033466942,505.0892206027,801.2168675251,227471646.700711
,6200,0.0041719263,513.7916075342,825.0172079783,249091114.850504
,6300,0.00516487,522.5948098603,851.1528320953,274242416.456837
,6400,0.0063520796,531.5170046991,879.9968147325,303326674.917351
,6500,0.0077629846,540.5787879456,911.9632997799,336763737.548782
,6600,0.0094300014,549.8033539214,947.5092285425,374989018.595653
,6700,0.0113886174,559.2166650864,987.1356884972,418449502.746799
,6800,0.013677446,568.8476095195,1031.3888633129,467598955.422069
,6900,0.0163382384,578.7281365372,1080.8603880482,522892061.827154
,7000,0.0194158553,588.8933701438,1136.1871583005,584777693.81623
,7100,0.0229581841,599.3816886499,1198.0503672219,653691006.882571
,7200,0.0270159856,610.2347582355,1267.1735542317,730044157.85562
,7300,0.0316427004,621.4975352754,1344.320096133,814216493.506064
,7400,0.0368941339,633.218184444,1430.2889796441,906542495.109446
,7500,0.0428280933,645.4479513602,1525.9098775963,1007299354.76382
,7600,0.049503952,658.2409723533,1632.0371988705,1116693759.11512
,7700,0.0569820028,671.6539277197,1749.5411375161,1234845358.49652
,7800,0.0653228598,685.7456951232,1879.2993734921,1361772475.40531
,7900,0.0745865876,700.5767944731,2022.1848862283,1497373941.25954
,8000,0.0848319572,716.2088747903,2179.0555109436,1641414992.09342
,8100,0.0961153085,732.7038997667,2350.737889588,1793507948.20577
,8200,0.1084891648,750.1231103193,2538.0078806319,1953091702.40389
,8300,0.1220015954,768.5264301767,2741.5813601858,2119426160.12115
,8400,0.1366943517,787.9709904448,2962.0877440714,2291569787.13278
,8500,0.1526015933,808.5099747879,3200.0516558517,2468371044.70625
,8600,0.1697484517,830.1912873167,3455.8722338724,2648461489.39764
,8700,0.1881495244,853.0560985091,3729.8013323776,2830252816.9127
,8800,0.2078073312,877.1372896351,4021.9210879174,3011939152.99872
,8900,0.2287106986,902.4577677253,4332.1203513038,3191505112.91571
,9000,0.2508337307,929.0291362557,4660.0792928276,3366747807.49297
,9100,0.2741342429,956.8499114465,5005.2463299998,3535299969.62807
,9200,0.2985536111,985.904735467,5366.8349802404,3694675654.77255
,9300,0.3240147033,1016.1621108143,5743.7935295007,3842304899.60395
,9400,0.3504229235,1047.5744463779,6134.8186949827,3975606290.31368
,9500,0.3776661175,1080.0772629669,6538.3532065125,4092053390.58294
,9600,0.4056147717,1113.5886261709,6952.5875424592,4189250313.91219
,9700,0.4341242395,1148.0102125915,7375.490527883,4265023920.89723
,9800,0.4630353036,1183.227139897,7804.8163977004,4317505443.23591
,9900,0.4921786435,1219.1110157668,8238.1675526426,4345228462.92182
,10000,0.5213755149,1255.520081296,8673.0036157924,4347200079.00094
,10100,0.5504443109,1292.3042915328,9106.7345074471,4322979588.6889
,10200,0.5792016519,1329.3061142987,9536.7358289228,4272719641.83616
,10300,0.6074684382,1366.3656020551,9960.435295383,4197196109.07171
,10400,0.6350742792,1403.3243697432,10375.3763800235,4097800915.37922
,10500,0.6618609247,1440.0289277295,10779.2680030488,3976504236.28065
,10600,0.6876856733,1476.3341640011,11170.0341368153,3835787691.99306
,10700,0.7124254497,1512.1075862714,11545.8732692227,3678545351.41301
,10800,0.7359793012,1547.2323566381,11905.2954634902,3507961545.0675
,10900,0.7582692723,1581.608991569,12247.1363040266,3327379027.96132
,11000,0.7792401745,1615.1561013473,12570.555000298,3140168028.45356
,11100,0.7988611755,1647.8127858418,12875.0586846811,2949584348.34044
,11200,0.8171228874,1679.5369475497,13160.4619534085,2758665074.92306
,11300,0.8340360589,1710.3049572234,13426.8693389123,2570133752.48137
,11400,0.8496294097,1740.1104475525,13674.6453005989,2386333040.45479
,11500,0.8639457542,1768.9613755666,13904.3593334563,2209198856.86017
,11600,0.8770400617,1796.8787473022,14116.7587942333,2040242024.5384
,11700,0.8889759074,1823.8936929854,14312.7183015668,1880567871.00742
,11800,0.8998231727,1850.0455821651,14493.206953203,1730902560.0793
,11900,0.9096552422,1875.3795318371,14659.2480936704,1591639682.73853
,12000,0.9185467748,1899.9443431036,14811.8871848265,1462891367.22564
,12100,0.9265724235,1923.7912757099,14952.1733001533,1344534124.92654
,12200,0.933804887,1946.9720861634,15081.1308088326,1236265808.3739
,12300,0.9403141719,1969.5381981808,15199.7485232161,1137647969.15619
,12400,0.9461666022,1991.539577929,15308.9651116001,1048149692.69156
,12500,0.951424421,2013.0241709612,15409.6630636956,967181017.468058
,12600,0.9561455627,2034.0374975726,15502.6651249332,894120562.699639
,12700,0.9603833806,2054.6221890129,15588.7300469387,828340132.941515
,12800,0.9641868494,2074.8180125048,15668.5552639813,769219393.235131
,12900,0.9676005293,2094.6616521943,15742.7760949423,716160446.00259
,13000,0.9706648662,2114.1868495771,15811.969869727,668594961.311068
,13100,0.9734164867,2133.4245520874,15876.6599868972,625988894.36202
,13200,0.9758882571,2152.4028199209,15937.3165441008,587848304.526307
,13300,0.9781097754,2171.1472110815,15994.3633251413,553717635.099756
,13400,0.9801075284,2189.6808201516,16048.1799027878,523181164.694335
,13500,0.9819052547,2208.0245540454,16099.1067762977,495860639.035399
,13600,0.9835241334,2226.1972309425,16147.4479836385,471414413.63036
,13700,0.9849830761,2244.2158043258,16193.4752344705,449534618.592856
,13800,0.9862989629,2262.095538651,16237.4312523989,429944614.819959
,13900,0.9874868181,2279.8501263175,16279.5322298923,412396924.8737
,14000,0.988560054,2297.4918938086,16319.9713243573,396670034.185494
,14100,0.989530599,2315.0318832673,16358.920437657,382566562.704447
,14200,0.9904090838,2332.4800098606,16396.5328815284,369910574.709354
,14300,0.9912049945,2349.8451894195,16432.9455684605,358545269.166803
,14400,0.9919267709,2367.1354068085,16468.2803808533,348331351.582222
,14500,0.9925819427,2384.357836986,16502.6461402234,339144901.979367
,14600,0.9931772264,2401.5189233864,16536.1399776462,330875771.579735
,14700,0.9937186158,2418.6244547324,16568.8486338606,323426065.216047
,14800,0.9942114642,2435.6796349206,16600.8496270824,316708767.447002
,14900,0.9946605531,2452.6891416823,16632.2122423095,310646550.30495
,15000,0.9950701592,2469.6571858667,16662.9984920412,305170642.352977
,15100,0.9954441091,2486.5875581796,16693.2638924557,300219882.249029
,15200,0.9957858282,2503.483672754,16723.058174067,295739858.778946
,15300,0.9960983875,2520.3486091622,16752.4259486697,291682119.488511
,15400,0.9963845408,2537.1851451745,16781.4072440466,288003512.714115
,15500,0.99664676,2553.9957891548,16810.0380156441,284665575.929229
,15600,0.9968872656,2570.7828071091,16838.350578333,281634010.965127
,15700,0.9971080548,2587.5482489801,16866.3740144976,278878201.281157
,15800,0.9973109242,2604.2939694959,16894.1345055758,276370807.51681
,15900,0.9974974923,2621.0216485964,16921.6556474429,274087394.395367
,16000,0.9976692183,2637.7328093267,16948.9587263315,272006104.034777
,16100,0.9978274184,2654.4288332313,16976.0629572264,270107371.835897
,16200,0.9979732817,2671.1109748829,17002.9857045609,268373669.080671
,16300,0.9981078825,2687.7803743054,17029.7426720407,266789279.784046
,16400,0.9982321929,2704.4380679985,17056.3480706547,265340103.777782
,16500,0.9983470931,2721.0849999487,17082.8147810259,264013473.910668
,16600,0.9984533804,2737.7220293905,17109.1544747253,262798009.746755
,16700,0.9985517782,2754.3499399555,17135.3777468425,261683471.71144
,16800,0.9986429434,2770.9694470786,17161.4942253185,260660637.910787
,16900,0.9987274724,2787.5812035847,17187.5126570851,259721202.16502
,17000,0.9988059075,2804.1858058946,17213.4409981274,258857674.992799
,17100,0.9988787425,2820.7838000622,17239.2864989034,258063292.788876
,17200,0.9989464268,2837.3756851817,17265.0557590309,257331950.66339
,17300,0.9990093713,2853.9619206542,17290.7548212433,256658115.097491
,17400,0.9990679478,2870.5429227183,17316.3891490103,256036810.911987
,17500,0.9991224987,2887.1190777937,17341.9637815835,255463503.68053
,17600,0.9991733357,2903.6907391486,17367.4833098892,254934093.707362
,17700,0.9992207443,2920.2582316128,17392.9519368858,254444861.106095
,17800,0.9992649853,2936.8218536008,17418.3735082258,253992430.893648
,17900,0.9993062977,2953.381879598,17443.7515467842,253573737.712518
,18000,0.9993449007,2969.9385626784,17469.0892864699,253185992.825193
,18100,0.999380995,2986.4921357307,17494.3896918544,252826660.737125
,18200,0.9994147651,3003.0428137045,17519.6554875801,252493431.640273
,18300,0.9994463805,3019.5907948528,17544.8891767615,252184201.306388
,18400,0.9994759968,3036.1362624046,17570.0930631783,251897049.970968
,18500,0.9995037572,3052.6793853471,17595.2692638975,251630227.424462
,18600,0.9995297937,3069.2203202437,17620.4197318671,251382133.589635
,18700,0.9995542277,3085.759211803,17645.5462654671,251151306.939276
,18800,0.999577171,3102.2961940722,17670.6505239492,250936410.440817
,18900,0.9995987271,3118.8313911142,17695.7340373654,250736221.049116
,19000,0.9996189911,3135.3649180669,17720.7982199618,250549617.967951
,19100,0.9996380511,3151.8968817307,17745.8443785917,250375574.015564
,19200,0.9996559885,3168.4273811826,17770.873721159,250213147.405193
,19300,0.9996728785,3184.9565084946,17795.8873658297,250061473.556319
,19400,0.9996887907,3201.4843491368,17820.8863469593,249919758.921084
,19500,0.9997037896,3218.0109827275,17845.8716241823,249787273.583255
,19600,0.999717935,3234.5364832546,17870.8440862095,249663346.764576
,19700,0.9997312822,3251.0609196025,17895.8045574236,249547361.217351
,19800,0.9997438826,3267.5843559783,17920.7538033477,249438748.423628
,19900,0.9997557839,3284.1068521877,17945.6925345512,249336984.757149
,20000,0.9997670303,3300.6284640064,17970.6214113406,249241587.466483
