,T,n_h1/n_h,n_he1/n_he,n_he2/n_he,n_c1/n_c,n_c2/n_c,n_n1/n_n,n_n2/n_n,n_o1/n_o,n_o2/n_o,ionization_energy
,100,6.09769151312918095253047675620243726E-0399,3.83737069157713790473583703305498000E-0952,1.78812945917833132458910761571295071E-3407,5.56351513302949E-281,3.39278077820111674207453856877704838E-1223,1.87490813945798341111850104091417551E-0445,4.90517612634512820030701601430935621E-1650,2.91719108711880894940697971508729211E-0400,5.09211016017783821603977355744088907E-1882,2.09394153585337E-268
,200,6.39452822245231E-198,3.20068309517805336859795166985255967E-0474,5.65784521285339842342368707007910824E-1700,6.93266815972509E-139,2.55111169546117157442761056051016674E-0608,7.40825238324706E-221,3.59628831444433044021608703851031478E-0821,9.53902781237718E-199,3.06917559940594870319718444394326171E-0937,2.60924999156636E-126
,300,7.4045817285644E-131,7.39815318510667908380724301021412991E-0315,1.07900577416972716880390566759113187E-1130,1.83187201670747E-091,3.01353359730985267214380448056797145E-0403,6.19591375483122E-146,9.07562353866218793679729265903067304E-0545,1.61372005692992E-131,3.36784212357742584939690666132611035E-0622,6.89462113867306E-079
,400,2.68544547735482E-097,3.79082240013014E-235,5.35241422439764523152273058265004290E-0846,1.00360376853216E-067,1.17649182466172E-300,1.90972115097342E-108,1.63767248475743505708116129599434836E-0406,7.07391822117586E-098,1.26723252919459347569533832941768562E-0464,3.7772659302971E-055
,500,3.81228974268828E-077,2.63608606758128E-187,3.79127631099989370566619808789742044E-0675,1.82483101095439E-053,4.55424921187475E-239,6.17659024179351E-086,1.58839149372270150433584893006417199E-0323,1.1251727712478E-077,4.79820962808463199561720426166927963E-0370,6.86812088829531E-041
,600,1.06388953458133E-063,2.12181710493344E-155,3.16814056332610184666769387587910500E-0561,6.00611754575953E-044,5.48063106462366E-198,6.42982187047264E-071,3.52619568936992E-268,3.38732027721993E-064,5.68970407133154E-307,2.26052391295202E-031
,700,4.35278320059709E-054,1.33143410607251E-132,7.74922209252657301568041727686434090E-0480,3.8415595464434E-037,1.2518901243949E-168,3.48931777843735E-060,1.24737112149962E-228,1.46300438391705E-054,6.66096638507634E-262,1.44584869536821E-024
,800,7.13684634793587E-047,1.6918619035816E-115,8.75530394436015300160965911783337820E-0419,4.95198488961284E-032,1.34366442113681E-146,3.976336635284E-052,5.87740355887152E-199,2.49818206826317E-047,4.33057719346112E-228,1.86377975027721E-019
,900,2.94785515477032E-041,3.43595201431309E-102,2.73539387201485300657934969311057645E-0371,4.72031515398546E-028,1.87227920899256E-129,7.41949595468752E-046,7.20120087952553E-176,1.06498433206066E-041,8.80286821160374E-202,1.77658615602597E-015
,1000,9.2455447831492E-037,1.53397882356147E-091,2.75468437904741128416108486586733202E-0333,7.26023828315492E-025,9.88297086490112E-116,7.77524244777461E-041,2.16388172988474E-157,3.42566630057933E-037,9.96184993847047E-181,2.73253764338578E-012
,1100,4.4441921651354E-033,7.98427395663573E-083,3.46266163642523E-302,2.9610510152493E-022,1.69173910808764E-104,1.00283733507704E-036,2.87997661741919E-142,1.68106810657971E-033,1.69839816012693E-163,1.11445151185879E-009
,1200,5.22974787071559E-030,1.47362327241082E-075,2.88713573986611E-276,4.45994383055694E-020,3.93079375483744E-095,2.68616040097187E-033,1.16894426101177E-129,2.01259554280675E-030,3.93306460376074E-149,1.67859043538264E-007
,1300,2.08374890821465E-027,2.08333140061617E-069,2.4994812314081E-254,3.12064327173935E-018,3.34088809532656E-087,2.1466150749277E-030,5.50331699014981E-119,8.13679065152409E-028,5.6708815447621E-137,1.17451844803113E-005
,1400,3.54421680768372E-025,3.91107925211403E-064,1.60288584584509E-235,1.19506228064371E-016,2.10890316305139E-080,6.62990052609458E-028,7.80453439136029E-110,1.40137855848264E-025,1.51064848600083E-126,0.0004497879
,1500,3.05016063885215E-023,1.45964516908736E-059,3.2169920693784E-219,2.82489050627745E-015,1.66211255671192E-074,9.56849557340576E-026,6.71338442842266E-102,1.21916271687806E-023,1.65085753215557E-117,0.0106322207
,1600,1.50878962285352E-021,1.46574352997632E-055,5.95506709373705E-205,4.51092038833003E-014,2.41488495334592E-069,7.4407562125329E-024,5.92133207001804E-095,6.08812345666273E-022,1.34631038627366E-109,0.1697862022
,1700,4.72925459853347E-020,4.99178147187199E-052,2.3236871527851E-192,5.21382480773148E-013,8.71338425941774E-065,3.47643973304958E-022,8.00126327276251E-089,1.92432776698092E-020,1.29479185192729E-102,1.9625975192
,1800,1.01335119759152E-018,6.90288240590655E-049,3.63516208347524E-181,4.60248524279302E-012,9.84462423154164E-061,1.06217017964703E-020,2.26355954788112E-083,4.15407579523438E-019,2.09626992621279E-096,17.3281491363
,1900,1.57593160335585E-017,4.46796136989037E-046,3.78740282097846E-171,3.23726762188175E-011,4.18217660787774E-057,2.26904637147171E-019,1.71550885049667E-078,6.50339417841475E-018,7.56681812924993E-091,121.9307647179
,2000,1.86604463081067E-016,1.51658051077318E-043,3.94409607171983E-162,1.87685707861372E-010,7.73312999722607E-054,3.57530199975144E-018,4.24232501801112E-074,7.74683298986768E-017,7.62434989253214E-086,707.454634625
,2100,1.74877919671583E-015,2.95973307281367E-041,5.70222900598668E-154,9.21824991668672E-010,7.00617011957062E-051,4.33903138627246E-017,4.01536166919193E-070,7.2994314013257E-016,2.5721682790989E-081,3479.42277252
,2200,1.33880954027976E-014,3.58047061572233E-039,1.49744131147713E-146,3.92234074125141E-009,3.42619018754472E-048,4.20182169558618E-016,1.65735246904698E-066,5.61579092017458E-015,3.37120992463879E-077,14838.6811464892
,2300,8.59406580893256E-014,2.85685784115358E-037,8.91715724220337E-140,1.4727183194091E-008,9.79525688676799E-046,3.34274796347406E-015,3.32219924533337E-063,3.62112040477498E-014,1.94069973948728E-073,55917.6093248421
,2400,4.72695803656027E-013,1.58319577381853E-035,1.44849285919935E-133,4.95457076890136E-008,1.74953588900429E-043,2.23824349300017E-014,3.53716463955349E-060,1.99993332198171E-013,5.43462467121254E-070,189164.254283851
,2500,2.26847619112156E-012,6.36339652850462E-034,7.49464734649408E-128,1.51266060819797E-007,2.0638465036595E-041,1.28720223420392E-013,2.15628723156023E-057,9.63417022752309E-013,8.06499258810447E-067,582224.883874386
,2600,9.64443262964647E-012,1.92412457320261E-032,1.40809818031468E-122,4.2361942093629E-007,1.68515079372767E-039,6.46742002306511E-013,8.01855066822785E-055,4.11032776270206E-012,6.81796149109536E-064,1649241.18507664
,2700,3.67971539167482E-011,4.51503615922039E-031,1.07390123533942E-117,1.09808348591147E-006,9.91016233866875E-038,2.88029498255725E-012,1.91952386307817E-052,1.57333466586013E-011,3.49135596894527E-061,4342187.28232391
,2800,1.27385998096038E-010,8.44325444210537E-030,3.65741649998546E-113,2.65494581778765E-006,4.34260452374604E-036,1.15110528639973E-011,3.09722130747761E-050,5.4630500613366E-011,1.14136904936558E-058,10717093.1496005
,2900,4.03918498608202E-010,1.2873689335792E-028,6.03857814397336E-109,6.02685236335294E-006,1.45987871157627E-034,4.1721151994953E-011,3.50434426890357E-048,1.73709560918188E-010,2.49209938009902E-056,24981093.7718029
,3000,1.18268530084597E-009,1.63241849170898E-027,5.18968140422329E-105,1.291823065731E-005,3.86136004515748E-033,1.38397951489562E-010,2.87714716600995E-046,5.09958191177229E-010,3.77912936322962E-054,55348518.2603582
,3100,3.22057776827279E-009,1.75138322634694E-026,2.4700657769729E-101,2.62749076605145E-005,8.21434838309215E-032,4.23541069403076E-010,1.76600590379647E-044,1.3920707439045E-009,4.11814125642147E-052,117212586.069897
,3200,8.20739932088626E-009,1.614062068307E-025,6.87425742261961E-098,5.09332836615685E-005,1.43287582504946E-030,1.20420312248434E-009,8.31893605448587E-043,3.55573051896557E-009,3.32258666121832E-050,238389619.261417
,3300,1.96835996488092E-008,1.29494727315934E-024,1.17350213073034E-094,9.44672296391651E-005,2.08489387687295E-029,3.20074004234563E-009,3.07782794202739E-041,8.54600634169362E-009,2.03792740257725E-048,467527908.612416
,3400,4.46486476275277E-008,9.1525008619095E-024,1.28207315143481E-091,0.0001682353,2.56947461917942E-028,0.000000008,9.1301701269591E-040,1.94243899475042E-008,9.72848483685543E-047,887200066.14632
,3500,9.62265619398926E-008,5.75977559603397E-023,9.30968214017036E-089,0.0002886142,2.7193875129917E-027,1.88838125813628E-008,2.2120928204989E-038,4.19434489005796E-008,3.69134532983602E-045,1633711735.70292
,3600,1.97866994533094E-007,3.25843230786698E-022,4.64781471039814E-086,0.0004783897,2.50252640139678E-026,4.2324367117955E-008,4.45100903684999E-037,8.64025407379399E-008,1.13457115889218E-043,2926239595.01137
,3700,3.89677732413038E-007,1.67150482310929E-021,1.64460662229042E-083,0.0007682668,2.02529938853043E-025,9.04320354252463E-008,7.55091938179819E-036,1.70451323713859E-007,2.87355499925623E-042,5108548416.04853
,3800,7.37600377769818E-007,7.83623566297721E-021,4.23912576284152E-081,0.0011984537,1.45641765098386E-024,1.84915945370999E-007,1.09490784929591E-034,3.23160714147145E-007,6.09092593026081E-041,8707163690.15621
,3900,1.3462523056722E-006,3.38141174193847E-020,8.15906662538663E-079,0.0018202681,9.39405788124955E-024,3.6315871277791E-007,1.37403994882544E-033,5.90732090120111E-007,1.09581052304495E-039,14510492749.6431
,4000,2.37636006499056E-006,1.35171463069341E-019,1.19916318192495E-076,0.0026977064,5.48162103890066E-023,6.87239827058344E-007,1.50932174846739E-032,1.04426278107018E-006,1.69483240025759E-038,23673937675.6267
,4100,4.06779551761847E-006,5.03519430139112E-019,1.37339866312654E-074,0.0039089008,2.91629327126698E-022,1.25691817931528E-006,1.46620182540668E-031,0.00000179,2.2798079863459E-037,37856473543.529
,4200,6.76928533471276E-006,1.75713269255969E-018,1.24847222568025E-072,0.0055473633,1.4245608087053E-021,2.22778711590263E-006,1.27143317990551E-030,2.9827536365987E-006,2.69541853336928E-036,59394404407.1276
,4300,1.09759319534585E-005,5.77231624201324E-018,9.1594775377066E-071,0.0077229117,6.43025545705794E-021,0.000003836,9.92583113828623E-030,4.84243654925994E-006,2.82791215482815E-035,91518390570.1025
,4400,1.73756507567759E-005,1.79291333734248E-017,5.50621762151166E-069,0.0105621035,2.69757006084584E-020,6.43139569565847E-006,7.03005511121128E-029,7.67515668073787E-006,2.65576284543664E-034,138619370942.144
,4500,2.69056443035629E-005,5.28643985743205E-017,2.74986710078132E-067,0.0142080123,1.05722427045605E-019,1.05202036378498E-005,4.54888684069407E-028,1.1898460064675E-005,2.25020154181957E-033,206569153652.373
,4600,4.08199447716851E-005,1.48502968050763E-016,1.15530016313929E-065,0.0188191374,3.88900589029435E-019,1.68203606459468E-005,2.70621795359686E-027,1.80717549938866E-005,1.73250384166244E-032,303100751429.134
,4700,0.000060769,3.98754472970261E-016,4.13020254035204E-064,0.0245672407,1.34837379852099E-018,2.63304871128003E-005,1.48880141286694E-026,2.69321837762332E-005,1.22005058289745E-031,438253137215.495
,4800,8.88919268805917E-005,1.02654355330391E-015,1.26963329302158E-062,0.031633894,4.42304271243334E-018,4.04153323986717E-005,7.61387642697916E-026,3.94363377121614E-005,7.90513029358575E-031,624883948114.018
,4900,0.0001279225,2.54061350480241E-015,3.38817295780964E-061,0.0402055934,1.37735195541768E-017,6.09097068544916E-005,3.63701877304635E-025,5.68081399293997E-005,4.7382418003462E-030,879253291417.145
,5000,0.0001813085,6.06002194188628E-015,7.91835544265612E-060,0.0504673349,4.08420960557921E-017,9.02430728848584E-005,1.62985556393249E-024,8.05930767147586E-005,2.64026570181345E-029,1221679964204.62
,5100,0.0002533451,1.39629377819052E-014,1.63371298655392E-058,0.0625947321,1.15639501208853E-016,0.0001315869,6.87933406387194E-024,0.0001127189,1.37392360181313E-028,1677271526806.87
,5200,0.000349322,3.11426806361207E-014,2.99774889640266E-057,0.0767448331,3.1341515889755E-016,0.0001890265,2.74486024534795E-023,0.0001555629,6.70439739399463E-028,2276726269896.74
,5300,0.0004756838,6.73669783965031E-014,4.92546832779104E-056,0.0930461761,8.14948170608638E-016,0.0002677594,1.03877662161756E-022,0.000212025,3.07956649504368E-027,3057208354078.29
,5400,0.0006402013,1.41585306531611E-013,7.29217855018755E-055,0.1115885448,2.03718226605174E-015,0.0003743203,3.74011452757639E-022,0.0002856077,1.33619361280037E-026,4063287599079.56
,5500,0.0008521551,2.89585920564675E-013,9.78459154416968E-054,0.1324135049,4.90501271077138E-015,0.000516835,1.28479829417993E-021,0.0003805008,5.49410968164453E-026,5347946540696.9
,5600,0.001122527,5.7726959770275E-013,1.1962850875011E-052,0.1555064686,1.13951360484772E-014,0.0007053015,4.22184998791064E-021,0.0005016713,2.14715727074235E-025,6973640996861.18
,5700,0.0014641985,1.123122187972E-012,1.33935248282983E-051,0.1807914373,2.55844635740088E-014,0.0009519001,1.33024793981119E-020,0.0006549586,7.99765427817808E-025,9013411526078.81
,5800,0.0018921533,2.13542102217683E-012,1.3795305843534E-050,0.2081291535,5.56004146208423E-014,0.0012713281,4.02800966979293E-020,0.0008471721,2.84642566903417E-024,11552030324682.8
,5900,0.0024236824,3.97255336973894E-012,1.31284322009205E-049,0.2373192979,1.17127792951548E-013,0.0016811607,1.1745524703085E-019,0.0010861933,9.70293222311016E-024,14687174333978.4
,6000,0.0030785859,7.23888230709206E-012,1.15899579222052E-048,0.2681067753,2.39514705720564E-013,0.0022022321,3.30453756499071E-019,0.0013810796,3.17488821666253E-023,18530604087311.2
,6100,0.0038793717,1.29342846694804E-011,9.52720793210468E-048,0.3001917397,4.76085514436668E-013,0.0028590342,8.98628244653133E-019,0.0017421705,9.99236301546116E-023,23209328320971.7
,6200,0.0048514451,2.26833354242492E-011,7.31790703263647E-047,0.3332425661,9.21070241759293E-013,0.0036801274,2.36593665764237E-018,0.0021811952,3.03079241531704E-022,28866734887049.3
,6300,0.0060232828,3.90807527865755E-011,5.26953559574345E-046,0.3669104133,1.73666549649587E-012,0.0046985545,6.04024382694822E-018,0.0027113804,8.87509734457278E-022,35663639161991.8
,6400,0.0074265997,6.6204076556033E-011,3.56830619204002E-045,0.4008445625,3.19524418042591E-012,0.0059522575,1.49749703353752E-017,0.0033475621,2.51334651912532E-021,43779288852964.2
,6500,0.009096485,1.1036334573432E-010,2.27885306495278E-044,0.4347064049,5.7437137111657E-012,0.0074844741,3.61018575790808E-017,0.0041062956,6.89419342825678E-021,53412195377411.5
,6600,0.0110714957,1.81182060252745E-010,1.3763225589099E-043,0.4681811698,1.00996071308037E-011,0.0093440932,8.47420384048849E-017,0.005005957,1.83448592075093E-020,64780711141947.8
,6700,0.0133937494,2.93136437010383E-010,7.88119890255772E-043,0.5009879572,1.73919160414037E-011,0.0115859917,1.93907415807155E-016,0.0060668617,4.74195028065519E-020,78123595571432.1
,6800,0.0161089523,4.67720091230457E-010,4.28932210678785E-042,0.532885875,2.93639144990417E-011,0.0142712882,4.33016771629394E-016,0.00731137,1.19230996072246E-019,93700199518623.9
,6900,0.0192663673,7.36453684189115E-010,2.22385899232907E-041,0.563677126,4.8660700204125E-011,0.0174674965,9.44687302790694E-016,0.0087639884,2.91982375668487E-019,111790298557714
,7000,0.0229187421,1.14502609809602E-009,1.10075994919066E-040,0.5932077431,7.92311743344242E-011,0.0212485759,2.01546329690212E-015,0.0104514767,6.97229725413637E-019,132693682640935
,7100,0.0271221443,1.75893501293522E-009,5.21242043128545E-040,0.6213657595,1.26882685415028E-010,0.0256948099,4.20890233443121E-015,0.0124029419,1.62530838930238E-018,156729216709856
,7200,0.0319357302,2.67110096101502E-009,2.365899503413E-039,0.6480779425,2.00037588497337E-010,0.0308925049,8.61090319674945E-015,0.0146499336,3.7025385476628E-018,184233508482240
,7300,0.0374214397,0.000000004,1.0312633327967E-038,0.6733055165,3.10754638719924E-010,0.0369334793,1.72731007927408E-014,0.0172265421,8.25101510149533E-018,215559158124595
,7400,0.0436434929,0.000000006,4.32438784740101E-038,0.6970386919,4.76093539808306E-010,0.0439141862,3.39989926986848E-014,0.0201694429,1.80042757350852E-017,251071869158780
,7500,0.0506679425,8.77606960203116E-009,1.74739535863864E-037,0.719292209,7.19925773373219E-010,0.0519346906,6.57126117210267E-014,0.0235180105,3.85036015364473E-017,291147885381963
,7600,0.0585619119,1.27928265059856E-008,6.81496567713649E-037,0.7400998463,1.07531429134736E-009,0.0610971066,1.24798868056595E-013,0.0273143278,8.07720368521203E-017,336169627567638
,7700,0.06739287,1.8479607923372E-008,2.56924412727898E-036,0.7595102505,1.58762571119276E-009,0.0715038246,2.33037815044526E-013,0.0316032577,1.66346488547244E-016,386521549214356
,7800,0.077227486,2.64644429547203E-008,9.37664974726146E-036,0.7775822996,2.31856374667401E-009,0.0832550442,4.28106053970986E-013,0.0364323543,3.36588129026126E-016,442583593337483
,7900,0.0881309723,3.75885179499944E-008,3.31740222413448E-035,0.7943828606,3.35140189388793E-009,0.0964465737,7.74156187982824E-013,0.0418520518,6.69643368724823E-016,504727440898335
,8000,0.1001651687,0.000000053,1.13928849313327E-034,0.809982203,4.7976652851719E-009,0.1111660604,1.37873849354415E-012,0.0479152665,1.3108562135394E-015,573305581379539
,8100,0.1133878727,7.40938103019387E-008,3.80286722385212E-034,0.8244533192,6.80575153809659E-009,0.1274903746,2.41949818496833E-012,0.0546776312,2.52655876410157E-015,648647490141498
,8200,0.127850836,1.02905941610246E-007,1.2352731665177E-033,0.8378690202,9.57186981531116E-009,0.1454814507,4.18561234799982E-012,0.0621970698,4.79785490716114E-015,731048206716294
,8300,0.1435982622,0.000000142,3.90931533712512E-033,0.8503008628,1.33539901915945E-008,0.1651826623,7.14122022276391E-012,0.070533594,8.98204546579696E-015,820759769935710
,8400,0.160665086,1.9458777484471E-007,1.20674652402523E-032,0.8618181208,1.84895427337961E-008,0.1866150936,1.20211406322169E-011,0.0797489367,1.65870073834685E-014,917981413776036
,8500,0.1790751272,2.65108917800197E-007,3.6373246868013E-032,0.8724870003,2.54178252566656E-008,0.209773959,1.9973339735415E-011,0.0899060239,3.02320014280227E-014,1022849047692390
,8600,0.1988392233,3.59115549333059E-007,1.07165204135168E-031,0.8823701369,3.47083275191836E-008,0.2346254617,3.27681936406707E-011,0.1010682876,5.44127367623025E-014,1135424621630840
,8700,0.2199535845,4.83815935592077E-007,3.08937106495387E-031,0.8915264119,4.70965388156737E-008,0.2611045431,5.3102071187643E-011,0.1132989003,9.67578253763071E-014,1255686756734260
,8800,0.2423978797,6.48474204486809E-007,8.72274275376684E-031,0.9000106654,6.35290191958758E-008,0.2891131301,8.50322225438346E-011,0.126659586,1.70070030224769E-013,1383519850415490
,8900,0.2661335317,0.000000865,2.41439443304225E-030,0.9078736418,8.52201233550957E-008,0.3185195505,1.3459258826396E-010,0.1412091825,2.95608329601408E-013,1518704373401980
,9000,0.2911028403,1.14846252904015E-006,6.55732487112852E-030,0.9151622751,1.13723623812906E-007,0.3491598761,2.10657115379891E-010,0.1570022681,5.08314272913578E-013,1660911886359490
,9100,0.3172276618,1.51833562084578E-006,1.74897575695767E-029,0.921919637,0.000000151,0.3808397611,3.2613636642988E-010,0.1740870054,8.65049591935529E-013,1809697529662680
,9200,0.344408918,1.99923107847592E-006,4.58499773498916E-029,0.9281851544,1.99641285443802E-007,0.4133381103,4.99621486247075E-010,0.1925028846,1.45745730797502E-012,1964497242911020
,9300,0.3725268858,2.62246990088989E-006,1.18232677735655E-028,0.933994903,2.62788527443238E-007,0.4464123052,7.57624117303638E-010,0.2122783268,2.43185332972411E-012,2124629426128600
,9400,0.4014415671,3.42777988293051E-006,3.00128634184479E-028,0.9393817417,3.44532905404326E-007,0.4798039491,1.13760113243935E-009,0.2334276471,4.0196887216859E-012,2289297060560810
,9500,0.4309942247,4.46547096593264E-006,7.50517789787546E-028,0.9443756096,0.00000045,0.51324595,1.69201333409946E-009,0.2559481291,6.58376797255126E-012,2457596465113870
,9600,0.4610089021,5.79913798219595E-006,1.85008277253439E-027,0.9490036508,5.85773057688062E-007,0.5464693096,2.49372471517898E-009,0.2798164291,1.06876463601444E-011,2628525959167120
,9700,0.4912969482,7.50907556454661E-006,4.49859094619172E-027,0.9532908018,0.00000076,0.5792122734,3.64318061114307E-009,0.3049868445,1.71990127430968E-011,2801011631064160
,9800,0.5216581891,9.69642290476884E-006,1.07962138202666E-026,0.9572595463,0.000000983,0.6112250702,5.27779797757107E-009,0.3313866457,2.744164575484E-011,2973914010614440
,9900,0.5518885029,1.24884644284768E-005,2.55868441039856E-026,0.9609307527,1.26781762867486E-006,0.642279656,7.58438000312639E-009,0.3589167751,4.34176701443107E-011,3146071197686910
,10000,0.5817814174,1.60449461642591E-005,5.99137884096221E-026,0.9643233401,1.63072090116187E-006,0.672172129,1.08151335087479E-008,0.3874479558,6.81274014085335E-011,3316307949064210
,10100,0.6111353181,0.000020566,1.38674391474916E-025,0.9674548516,2.09210696802958E-006,0.7007290284,1.53085800426256E-008,0.4168225839,1.06027199359861E-010,3483476714327150
,10200,0.6397588303,0.000026302,3.17394845734591E-025,0.9703416495,2.67744524662923E-006,0.7278103223,2.15165392768671E-008,0.4468566276,1.63677187582338E-010,3646488270959510
,10300,0.6674750679,0.000033565,7.18603513389768E-025,0.9729989896,3.41845956988299E-006,0.7533101552,0.00000003,0.4773422043,2.50647535833545E-010,3804335914128110
,10400,0.6941259347,4.27431181210615E-005,1.60987658525039E-024,0.9754411713,4.35454994558133E-006,0.7771567394,4.16667598735141E-008,0.5080522479,3.8077411500671E-010,3956119946649210
,10500,0.7195767139,5.43179003039939E-005,3.56958252231562E-024,0.9776817818,5.53452071106911E-006,0.799311822,5.74406930758302E-008,0.5387479174,5.73884262579246E-010,4101073820675360
,10600,0.7437191537,6.88848871563349E-005,7.83527965480724E-024,0.9797338361,7.01865945061284E-006,0.8197685465,7.87201476072361E-008,0.5691867923,8.58147140145733E-010,4238581727354560
,10700,0.766471643,0.000087178,1.70283644277872E-023,0.9816097095,8.88115722067027E-006,0.8385470735,1.07273574423152E-007,0.5991294672,1.27323462860342E-009,4368179625706770
,10800,0.787780901,0.0001100994,3.66461316538294E-023,0.9833213395,1.12130629921037E-005,0.8556917574,1.45390949777873E-007,0.6283494922,1.87456290843843E-009,4489564903120570
,10900,0.8076199582,0.000138753,7.81013066806631E-023,0.9848801339,1.41256614375427E-005,0.8712659957,0.000000196,0.6566394079,2.73890055537296E-009,4602584929886040
,11000,0.8259876854,0.0001744866,1.64851862904358E-022,0.9862971168,1.77545980895874E-005,0.8853489262,0.000000263,0.6838190211,0.000000004,4707234436168020
,11100,0.8429050599,0.0002189384,3.44631279856073E-022,0.987582816,2.22645443128991E-005,0.8980304336,0.000000351,0.709738633,5.71724158879035E-009,4803634318837660
,11200,0.8584121587,0.000274093,7.13597840741276E-022,0.9887472673,2.7854697675551E-005,0.9094074428,4.6636477747722E-007,0.7342820851,8.17030387542239E-009,4892014594309180
,11300,0.8725653212,0.0003423471,1.46353644261954E-021,0.989800052,3.47653559582458E-005,0.9195809434,6.16768226347453E-007,0.757368713,1.15934539030134E-008,4972698325192040
,11400,0.885432223,0.0004265824,2.97311374290904E-021,0.9907501466,4.32850648776727E-005,0.9286521547,0.000000812,0.7789502701,1.63374465766869E-008,5046073653695440
,11500,0.8970894405,0.0005302534,5.98256055205846E-021,0.9916059891,5.37594062248914E-005,0.9367208394,1.06446574404594E-006,0.7990101025,2.28682024409126E-008,5112580035437200
,11600,0.9076186717,0.0006574851,1.19244848595486E-020,0.9923753987,6.66006320375136E-005,0.9438830448,1.389440811624E-006,0.8175585937,3.18008078603119E-008,5172686819725720
,11700,0.9171042968,0.000813187,2.35441090562247E-020,0.9930655849,8.22990713097706E-005,0.9502299669,1.80609907550929E-006,0.8346295052,4.39427167656469E-008,5226879481042790
,11800,0.9256309943,0.0010031829,4.60503366339518E-020,0.9936831272,0.0001014361,0.9558469937,2.33817356542787E-006,0.8502753848,6.03481626440311E-008,5275646175515630
,11900,0.9332813761,0.0012343494,8.92293734229082E-020,0.9942339215,0.000124698,0.9608128591,0.000003015,0.8645621759,8.23857596274985E-008,5319464413692020
,12000,0.9401354099,0.0015147907,1.71290401648101E-019,0.994723249,0.0001528937,0.9651999301,3.8725046433337E-006,0.8775666016,1.11824136465505E-007,5358797949060800
,12100,0.9462687408,0.0018540127,3.25787859854346E-019,0.9951557176,0.0001869726,0.9690738061,0.000004955,0.8893712529,1.50936758118194E-007,5394087395634450
,12200,0.9517523597,0.0022631347,6.13967189802485E-019,0.9955352931,0.0002280463,0.9724937109,6.31634661760098E-006,0.900062074,2.02632812202901E-007,5425748554713060
,12300,0.9566520142,0.0027551084,1.14656037680892E-018,0.9958652838,0.0002774114,0.9755126789,8.02221196113324E-006,0.9097253944,2.7061709514622E-007,5454169281026940
,12400,0.9610282478,0.0033449756,2.12191292587593E-018,0.9961483597,0.0003365773,0.9781780592,1.01521566401928E-005,0.9184462868,3.59587504091508E-007,5479709971488270
,12500,0.9649362582,0.0040501287,3.89201750991631E-018,0.9963865393,0.0004072945,0.9805318566,1.28023065603033E-005,0.9263067328,4.75474120035133E-007,5502703022731430
,12600,0.9684261905,0.0048906132,7.07585702685831E-018,0.996581199,0.0004915886,0.9826112678,1.60884240111045E-005,0.933384834,6.25732164967149E-007,5523454813807080
,12700,0.9715433168,0.0058894369,1.27520962882275E-017,0.9967330623,0.0005917961,0.9844490998,2.01494434087099E-005,0.9397539878,8.19695234033265E-007,5542247043267680
,12800,0.9743283051,0.0070728889,2.27836136511541E-017,0.996842187,0.0007106038,0.9860741927,2.51515324018201E-005,0.9454824233,0.000001069,5559338594502150
,12900,0.976817648,0.0084708983,4.03592981980948E-017,0.996907957,0.0008510951,0.9875118876,3.12928714682996E-005,0.9506332289,1.38810217518642E-006,5574968343383000
,13000,0.9790439089,0.0101173536,7.0889747992E-017,0.9969290533,0.001016795,0.9887843561,0.000038809,0.9552641562,1.7948835032945E-006,5589356891985380
,13100,0.9810361646,0.0120504724,1.23475624168145E-016,0.9969034332,0.0012117266,0.9899110045,0.000047979,0.959427956,2.31139007512733E-006,5602709471273710
,13200,0.9828202465,0.0143130791,2.13290765432506E-016,0.996828291,0.001440463,0.9909087403,5.91325544005678E-005,0.9631724082,2.96469153184736E-006,5615217603116300
,13300,0.9844191447,0.0169529319,3.65418023137918E-016,0.9967000227,0.0017081933,0.9917923017,7.26580550439486E-005,0.9665407795,3.78791679351569E-006,5627061739240580
,13400,0.9858532588,0.0200229262,6.20962681205902E-016,0.996514177,0.0020207858,0.9925744831,8.90114885579714E-005,0.9695720399,4.82146067562458E-006,5638412899642770
,13500,0.987140683,0.0235812427,1.04670816710617E-015,0.996265404,0.0023848576,0.9932663622,0.0001087267,0.9723012128,6.11440702091867E-006,5649434453411170
,13600,0.9882974629,0.0276913848,1.7502234702155E-015,0.9959473974,0.0028078493,0.993877495,0.0001324271,0.974759714,7.72619511976194E-006,5660283615565450
,13700,0.9893378239,0.0324220686,2.90327641159983E-015,0.9955528309,0.0032981024,0.9944160829,0.000160838,0.9769756748,9.72856369947128E-006,5671112637880970
,13800,0.9902743716,0.0378469077,4.77776506175413E-015,0.9950732921,0.0038649381,0.9948891139,0.0001948016,0.9789742375,1.22078041561056E-005,5682069623108250
,13900,0.9911182854,0.0440439081,7.80033192064303E-015,0.9944992092,0.0045187427,0.9953024894,0.0002352925,0.9807778619,1.52673830748574E-005,5693299104011400
,14000,0.9918794773,0.0510946551,1.26345261863049E-014,0.9938197784,0.0052710503,0.9956611243,0.0002834357,0.9824065807,0.000019031,5704942107487030
,14100,0.9925667406,0.0590832092,2.03031607568466E-014,0.9930228874,0.006134628,0.9959690345,0.000340526,0.9838782488,2.36458505273234E-005,5717135858459450
,14200,0.9931878805,0.068094654,3.23686168707286E-014,0.9920950398,0.0071235605,0.9962294072,0.0004080497,0.9852087669,0.000029287,5730013018539780
,14300,0.9937498298,0.0782132823,5.11957093964814E-014,0.9910212788,0.0082533328,0.9964446578,0.0004877082,0.9864122842,3.61617234456365E-005,5743700467961040
,14400,0.9942587497,0.0895203975,8.03307109324144E-014,0.9897851162,0.0095409085,0.9966164735,0.0005814443,0.9875013768,4.45145176403716E-005,5758317603746430
,14500,0.9947201208,0.1020917741,1.25041811074478E-013,0.9883684635,0.0110048042,0.9967458456,0.0006914706,0.9884872111,5.4633391836942E-005,5773974225819920
,14600,0.995138822,0.1159948096,1.93081029852922E-013,0.9867515695,0.0126651564,0.9968330915,0.0008203008,0.9893796863,6.68564020988657E-005,5790768039283130
,14700,0.9955192005,0.1312854542,2.957460122958E-013,0.9849129665,0.0145437809,0.9968778666,0.0009707836,0.9901875605,8.15793339391188E-005,5808781871739530
,14800,0.9958651334,0.148005052,4.49342740050022E-013,0.9828294238,0.0166642224,0.9968791673,0.0011461408,0.9909185625,9.92643743502895E-005,5828080755206310
,14900,0.9961800806,0.1661771655,6.77176653253816E-013,0.9804759217,0.0190517842,0.9968353243,0.0013500067,0.9915794836,0.0001204499,5848708933688870
,15000,0.9964671334,0.1858047435,1.0122331104438E-012,0.9778256273,0.0217335562,0.9967439896,0.0015864743,0.9921762654,0.0001457615,5870687213460620
,15100,0.9967290556,0.2068676126,1.50074320592366E-012,0.9748499,0.0247384113,0.9966021133,0.0018601429,0.992714067,0.0001759246,5894010593317150
,15200,0.9969683187,0.2293206127,2.20687508712962E-012,0.9715183195,0.0280969797,0.9964059138,0.002176171,0.9931973236,0.0002117787,5918646539118610
,15300,0.9971871365,0.2530926495,3.21884227240287E-012,0.9677987257,0.0318416124,0.9961508404,0.0025403354,0.9936297987,0.0002542929,5944534194256130
,15400,0.997387491,0.2780865735,4.6567705211266E-012,0.9636573097,0.0360062907,0.9958315272,0.0029590928,0.9940146208,0.0003045843,5971584407103540
,15500,0.9975711584,0.304180214,6.68273674510961E-012,0.9590587301,0.0406265119,0.9954417407,0.003439649,0.9943543153,0.0003639382,5999680946850160
,15600,0.9977397303,0.3312284209,9.51345895400703E-012,0.9539662886,0.0457391159,0.9949743199,0.0039900313,0.9946508261,0.0004338306,6028682740198860
,15700,0.9978946343,0.359066238,1.34362145003286E-011,0.9483421395,0.051382076,0.9944211088,0.0046191689,0.9949055316,0.0005159539,6058427272569350
,15800,0.9980371497,0.3875128339,1.8828643284424E-011,0.9421475903,0.0575942002,0.9937728834,0.0053369748,0.995119251,0.0006122452,6088734753428900
,15900,0.998168424,0.4163762182,2.6183234583419E-011,0.935343456,0.0644147775,0.9930192728,0.0061544354,0.995292245,0.0007249185,6119413089413480
,16000,0.9982894867,0.4454583845,3.61374225377062E-011,0.9278904965,0.0718831417,0.9921486746,0.0070837026,0.99542421,0.0008564997,6150263289985840
,16100,0.998401261,0.4745605679,4.95103738173132E-011,0.9197499512,0.0800381378,0.991148168,0.0081381878,0.995514264,0.0010098661,6181084980145820
,16200,0.9985045756,0.5034884339,6.73477743470706E-011,0.9108841494,0.088917512,0.9900034231,0.0093326596,0.9955609279,0.0011882894,6211681838520470
,16300,0.9986001748,0.5320568347,9.09761181275615E-011,0.9012572235,0.0985571997,0.988698611,0.0106833394,0.9955620988,0.0013954838,6241866577657790
,16400,0.9986887271,0.5600939406,1.22068278512826E-010,0.890835915,0.1089905201,0.9872163156,0.0122079945,0.9955150165,0.0016356578,6271465271913940
,16500,0.9987708325,0.5874444115,1.62722271082829E-010,0.8795905455,0.1202472054,0.9855374624,0.0139260136,0.9954162242,0.0019135697,6300320679325130
,16600,0.9988470354,0.6139730358,2.15557153669586E-010,0.8674954638,0.1323529557,0.9836411798,0.0158585519,0.9952615251,0.0022345981,6328296084527900
,16700,0.9989178223,0.6395644949,2.83825143896635E-010,0.8545307832,0.1453277004,0.981504826,0.0180285042,0.9950459226,0.0026047958,6355275030805600
,16800,0.9989836337,0.6641253462,3.7154831686505E-010,0.8406828601,0.1591851214,0.9791038764,0.0204606233,0.9947635662,0.0030309712,6381163444162930
,16900,0.9990448691,0.6875839385,4.8368105680531E-010,0.8259451718,0.1739317756,0.9764118739,0.0231815723,0.9944076813,0.0035207683,6405889571407930
,17000,0.9991018893,0.7098889833,6.26301249721244E-010,0.810319589,0.1895658227,0.9734004734,0.0262198817,0.9939704986,0.0040827417,6429402503316680
,17100,0.9991550223,0.7310088043,8.06840002537097E-010,0.7938168144,0.2060765873,0.9700394102,0.0296059842,0.9934431719,0.0047264527,6451671435877170
,17200,0.9992045663,0.7509293113,0.000000001,0.7764571909,0.2234437506,0.9662965799,0.033372136,0.9928156944,0.0054625583,6472683580700100
,17300,0.9992507932,0.7696521064,1.31983216007251E-009,0.7582710511,0.2416370021,0.9621381188,0.0375523385,0.9920768069,0.0063029115,6492442223876630
,17400,0.9992939519,0.7871924513,1.67660039590112E-009,0.7392987588,0.2606159977,0.9575285113,0.0421822328,0.9912138962,0.0072606693,6510964639391110
,17500,0.9993342692,0.8035766767,2.12073457758788E-009,0.7195910609,0.2803300087,0.9524308641,0.0472988257,0.990212906,0.0083503838,6528279407925420
,17600,0.9993719529,0.8188403092,2.67159445951772E-009,0.699208528,0.3007184811,0.9468071271,0.0529402709,0.989058231,0.0095881153,6544424497655870
,17700,0.9994071949,0.8330262965,3.35243571918651E-009,0.678220555,0.3217120357,0.9406183242,0.0591456392,0.9877325981,0.0109915572,6559445446415030
,17800,0.9994401704,0.8461826171,4.19111057895415E-009,0.656705211,0.3432326178,0.9338251249,0.0659543467,0.9862169915,0.0125801097,6573392880438950
,17900,0.999471041,0.8583610103,5.22090239121406E-009,0.634747612,0.3651951253,0.9263882173,0.0734057839,0.9844905389,0.0143749992,6586321222578290
,18000,0.9994999555,0.8696154609,6.48148747331044E-009,0.6124386723,0.3875086574,0.9182688981,0.0815387252,0.9825304261,0.0163993667,6598287131405320
,18100,0.9995270516,0.8800011184,0.000000008,0.5898732761,0.4100783433,0.9094296225,0.0903907811,0.9803117985,0.0186783696,6609348397200750
,18200,0.999552456,0.8895730286,9.89263214771969E-009,0.5671491579,0.4328064609,0.8998348897,0.0999975115,0.977807729,0.0212392131,6619562628819260
,18300,0.9995762856,0.8983854842,1.21655011211536E-008,0.5443649027,0.4555944382,0.8894519605,0.1103917096,0.9749891613,0.0241112105,6628986596139580
,18400,0.9995986493,0.906491531,1.49170430738546E-008,0.521617813,0.4783449855,0.8782515326,0.1216027272,0.9718248507,0.0273258456,6637675733722630
,18500,0.999619647,0.9139421519,1.82396438917317E-008,0.4990031578,0.5009628463,0.8662089777,0.1336552374,0.9682814571,0.0309166778,6645683288450940
,18600,0.9996393716,0.9207861912,2.22420333337964E-008,0.4766119396,0.5233570307,0.8533049819,0.1465685947,0.9643235379,0.0349193534,6653060258765980
,18700,0.9996579091,0.9270700099,2.70519028299891E-008,0.4545298407,0.545441869,0.839526572,0.1603558096,0.9599136781,0.0393714754,6659855038557560
,18800,0.9996753392,0.9328373667,3.28189283548591E-008,0.4328360189,0.567138216,0.8248679611,0.1750227025,0.9550126438,0.0443124515,6666113297412490
,18900,0.9996917357,0.9381293288,3.97182122188347E-008,0.4116022819,0.5883742764,0.8093313998,0.1905670535,0.9495796219,0.0497832553,6671877890192350
,19000,0.9997071672,0.9429842888,0.000000048,0.3908923388,0.6090863534,0.7929278274,0.2069779511,0.9435725078,0.0558261394,6677188875835130
,19100,0.9997216972,0.9474379872,5.77653467418294E-008,0.3707614397,0.6292192087,0.7756774578,0.2242352069,0.9369482998,0.0624842419,6682083540376210
,19200,0.9997353849,0.9515235815,6.94288657197082E-008,0.3512562211,0.6487262179,0.7576101791,0.242308956,0.9296635828,0.0698011036,6686596466075170
,19300,0.9997482851,0.9552717531,8.32669042887756E-008,0.332414696,0.6675693791,0.7387656917,0.2611595194,0.9216750933,0.0778201031,6690759641813750
,19400,0.9997604486,0.9587108112,9.96529316479553E-008,0.3142665396,0.6857190284,0.7191934922,0.2807374201,0.9129404138,0.0865837636,6694602566353670
,19500,0.9997719229,0.9618668394,0.000000119,0.2968333644,0.7031535638,0.6989524606,0.3009837961,0.903418715,0.0961330109,6698152399548610
,19600,0.9997827519,0.9647638095,1.41865527117068E-007,0.2801293263,0.7198588397,0.6781103648,0.3218308966,0.8930716604,0.1065062695,6701434075649300
,19700,0.9997929767,0.967423726,1.68768067189685E-007,0.2641616771,0.7358276137,0.6567429845,0.343202958,0.8818643514,0.1177385179,6704470450945660
,19800,0.9998026352,0.969866764,2.00390838791347E-007,0.2489314066,0.7510589054,0.6349330102,0.3650173048,0.8697663454,0.1298602711,6707282444479150
,19900,0.999811763,0.9721113959,2.37497403622957E-007,0.2344339712,0.7655572669,0.6127687969,0.3871855963,0.8567527504,0.1428964862,6709889166455100
,20000,0.999820393,0.9741745223,0.000000281,0.2206599793,0.779332098,0.5903428917,0.4096152996,0.8428053133,0.1568654747,6712308052956190
,20100,0.9998285561,0.9760715987,3.31797592596209E-007,0.2075958578,0.7923969792,0.5677504221,0.4322113005,0.8279134762,0.171777847,6714554996397570
,20200,0.9998362809,0.9778167424,3.91147419402384E-007,0.1952245845,0.8047689398,0.5450875542,0.4548774462,0.8120754445,0.1876354441,6716644454396740
,20300,0.9998435941,0.9794228446,4.60329600562458E-007,0.1835262999,0.8164678458,0.5224498441,0.4775181932,0.7952991021,0.2044304238,6718589566853700
,20400,0.9998505207,0.9809016794,5.408459634849E-007,0.1724788413,0.8275158659,0.4999305808,0.5000402654,0.7776027248,0.2221445467,6720402271068860
,20500,0.9998570839,0.9822639916,6.34408369113742E-007,0.1620583342,0.8379368802,0.4776194104,0.5223540292,0.7590156015,0.2407485567,6722093392400200
,20600,0.9998633054,0.9835195807,0.000000743,0.1522397006,0.8477559718,0.4556010917,0.5443747375,0.7395784114,0.2602018035,6723672733683570
,20700,0.9998692056,0.9846774009,8.68731484867517E-007,0.142996937,0.8569991487,0.4339541062,0.5660239214,0.7193430608,0.2804524067,6725149185994530
,20800,0.9998748032,0.9857456086,1.01422127724128E-006,0.1343037056,0.8656927532,0.4127501745,0.5872298716,0.6983727354,0.301437204,6726530775862560
,20900,0.9998801162,0.9867316586,1.18228511424084E-006,0.1261334272,0.8738633682,0.3920531472,0.6079287492,0.6767409608,0.3230826915,6727824777021260
,21000,0.9998851609,0.9876423453,1.37614958966775E-006,0.1184597325,0.8815373667,0.371918928,0.6280646615,0.6545309899,0.3453056365,6729037753703190
,21100,0.9998899529,0.9884838766,1.5994635720998E-006,0.1112565506,0.8887408227,0.3523949709,0.6475901654,0.6318343315,0.3680145493,6730175648447410
,21200,0.9998945066,0.9892619155,1.85634705162477E-006,0.1044983822,0.8954992383,0.3335204599,0.6664660874,0.6087494336,0.3911110012,6731243830674890
,21300,0.9998988357,0.9899816358,2.15144706696652E-006,0.0981603858,0.9018374578,0.3153263417,0.6846614907,0.5853798337,0.4144914734,6732247164187150
,21400,0.9999029528,0.9906477597,0.00000249,0.0922185441,0.9077795009,0.2978357746,0.7021532268,0.5618324153,0.4380491017,6733190053245750
,21500,0.9999068699,0.991264605,2.87788755712785E-006,0.0866496835,0.9133485433,0.2810644195,0.7189256437,0.5382152687,0.4616758159,6734076502698250
,21600,0.999910598,0.9918361146,3.32173428067292E-006,0.081431598,0.9185667929,0.2650211409,0.7349698856,0.5146358911,0.4852641394,6734910154594610
,21700,0.9999141476,0.9923658949,0.000003829,0.0765430422,0.923455497,0.2497085048,0.7502833947,0.4911991397,0.5087092367,6735694337530590
,21800,0.9999175287,0.9928572421,4.40790588216056E-006,0.0719637842,0.9280348888,0.2351235146,0.7648691752,0.4680055541,0.5319105909,6736432100176850
,21900,0.9999207502,0.9933131707,5.06787954050038E-006,0.0676746053,0.9323241888,0.2212582645,0.7787351401,0.4451497546,0.5547736051,6737126246939850
,22000,0.999923821,0.9937364461,5.8193198627017E-006,0.0636572209,0.9363416825,0.2081004081,0.7918936426,0.4227188029,0.5772112422,6737779379856620
,22100,0.9999267491,0.994129581,6.6738667872226E-006,0.0598945178,0.9401044846,0.195634501,0.804360133,0.4007921439,0.5991440823,6738393886891500
,22200,0.9999295422,0.9944948942,7.64452855983089E-006,0.0563701615,0.9436289304,0.1838416044,0.8161535561,0.3794393399,0.620502589,6738972022158640
,22300,0.9999322073,0.9948345015,8.74579865846251E-006,0.0530688384,0.9469303344,0.1727006069,0.8272950284,0.358720662,0.6412265171,6739515884453550
,22400,0.9999347513,0.9951503426,9.99382008310193E-006,0.0499761229,0.9500231233,0.1621884792,0.8378075842,0.3386864674,0.6612655354,6740027449723980
,22500,0.9999371806,0.9954441929,1.14065479828704E-005,0.0470784772,0.9529208355,0.1522808572,0.847715592,0.3193774024,0.680579024,6740508579759010
,22600,0.999939501,0.9957176799,1.3003936612226E-005,0.0443631907,0.9556361822,0.1429524054,0.8570443913,0.3008245645,0.6991359109,6740961037561670
,22700,0.9999417182,0.9959722942,1.48081365751804E-005,0.0418183518,0.9581810758,0.1341772254,0.8658198842,0.2830500077,0.7169141677,6741386495360220
,22800,0.9999438375,0.9962094023,1.68437148330914E-005,0.0394327991,0.9605666779,0.1259291553,0.8740682361,0.2660672982,0.7339002527,6741786543980880
,22900,0.9999458639,0.9964302552,1.9137885080714E-005,0.0371960966,0.9628034254,0.1181820906,0.8818155546,0.2498822992,0.7500883265,6742162697043800
,23000,0.9999478022,0.9966359995,2.17207707842497E-005,0.035098477,0.9649010859,0.1109101674,0.8890877061,0.2344938668,0.765479556,6742516398948760
,23100,0.9999496566,0.9968276842,2.46256750645754E-005,0.0331308193,0.9668687807,0.1040880025,0.8959100767,0.2198947529,0.780081211,6742849026773080
,23200,0.9999514315,0.99700627,2.78893906532691E-005,0.0312845966,0.9687150371,0.0976908044,0.9023074599,0.2060723562,0.7939059137,6743161896358080
,23300,0.9999531307,0.9971726346,3.15525158747299E-005,0.0295518539,0.9704478106,0.0916945378,0.9083038932,0.1930096115,0.8069707488,6743456263317490
,23400,0.999954758,0.9973275806,3.56598211242773E-005,0.0279251578,0.9720745346,0.0860759729,0.9139226082,0.180685688,0.8192965654,6743733328322020
,23500,0.999956317,0.9974718392,4.02606105527443E-005,0.0263975823,0.9736021356,0.0808128078,0.9191859085,0.1690768207,0.8309071458,6743994236881250
,23600,0.9999578109,0.9976060772,4.54091544292734E-005,0.0249626586,0.9750370825,0.0758836638,0.9241151743,0.1581568855,0.8418286301,6744240084734860
,23700,0.9999592428,0.9977309003,5.11651189859152E-005,0.0236143569,0.9763854054,0.071268148,0.9287307999,0.1478980706,0.8520888448,6744471918544910
,23800,0.9999606159,0.9978468576,5.75940575646613E-005,0.0223470506,0.9776527309,0.0669468466,0.9330522002,0.1382713796,0.8617168,6744690739531490
,23900,0.9999619328,0.9979544448,6.47679046877949E-005,0.0211554993,0.9788442999,0.0629013524,0.9370977835,0.1292471549,0.8707421661,6744897504573630
,24000,0.9999631962,0.9980541086,7.27655660605081E-005,0.0200348091,0.9799650062,0.059114217,0.9408849995,0.1207954113,0.8791949397,6745093131005420
,24100,0.9999644087,0.9981462482,8.16734794760889E-005,0.0189804223,0.9810194076,0.0555689697,0.9444303193,0.1128862539,0.8871050263,6745278497227400
,24200,0.9999655727,0.9982312186,9.15862881436456E-005,0.0179880856,0.9820117577,0.0522500663,0.9477492883,0.1054901121,0.8945020062,6745454447051660
,24300,0.9999666903,0.9983093325,0.0001026075,0.0170538361,0.9829460195,0.0491428808,0.9508565329,0.0985780164,0.9014148578,6745621791333400
,24400,0.9999677638,0.9983808627,0.0001148503,0.0161739748,0.9838258921,0.0462336525,0.9537658147,0.092121747,0.9078718087,6745781312073330
,24500,0.9999687952,0.998446043,0.0001284381,0.0153450542,0.984654823,0.0435094658,0.9564900498,0.0860940111,0.9139001592,6745933764470520
,24600,0.9999697863,0.9985050701,0.0001435058,0.0145638575,0.9854360292,0.0409582039,0.9590413553,0.0804685334,0.919526191,6746079880524910
,24700,0.999970739,0.9985581046,0.0001602004,0.0138273845,0.9861725108,0.038568516,0.9614310827,0.0752201453,0.9247750789,6746220371805750
,24800,0.9999716551,0.9986052719,0.000178682,0.0131328353,0.986867068,0.0363297726,0.9636698619,0.0703248249,0.9296708501,6746355932912090
,24900,0.9999725362,0.9986466626,0.0001991249,0.0124775975,0.9875223131,0.0342320325,0.9657676344,0.0657597353,0.9342363463,6746487244351150
,25000,0.9999733838,0.9986823336,0.0002217186,0.0118592321,0.9881406852,0.0322659998,0.9677336965,0.0615032253,0.9384932232,6746614976042150
,25100,0.9999741994,0.9987123078,0.0002466692,0.011275462,0.9887244614,0.030422989,0.9695767338,0.0575348283,0.9424619512,6746739790411650
,25200,0.9999749845,0.9987365742,0.0002742005,0.010724161,0.9892757681,0.0286948895,0.9713048575,0.053835245,0.9461618334,6746862345674620
,25300,0.9999757403,0.998755088,0.0003045553,0.0102033444,0.9897965899,0.0270741331,0.9729256357,0.0503863213,0.949611027,6746983298910910
,25400,0.9999764681,0.9987677702,0.0003379969,0.0097111555,0.9902887836,0.0255536513,0.9744461374,0.0471709949,0.9528265971,6747103310137350
,25500,0.9999771692,0.9987745071,0.0003748107,0.0092458623,0.9907540812,0.0241268576,0.9758729492,0.0441732823,0.95582453,6747223044617260
,25600,0.9999778447,0.9987751497,0.0004153056,0.0088058434,0.9911941041,0.022787603,0.9772122202,0.0413782081,0.9586198034,6747343177353290
,25700,0.9999784956,0.9987695127,0.0004598159,0.0083895837,0.9916103675,0.0215301551,0.9784696831,0.0387717728,0.9612264188,6747464395975970
,25800,0.9999791231,0.9987573736,0.0005087031,0.0079956666,0.9920042881,0.0203491704,0.9796506814,0.0363409042,0.9636574503,6747587404290440
,25900,0.9999797281,0.9987384715,0.0005623577,0.0076227667,0.9923771912,0.0192396673,0.9807601969,0.034073405,0.9659250969,6747712925988960
,26000,0.9999803115,0.9987125057,0.0006212013,0.007269643,0.9927303179,0.0181969993,0.9818028761,0.0319579014,0.968040734,6747841708540650
,26100,0.9999808743,0.9986791343,0.0006856888,0.0069351348,0.9930648288,0.0172168373,0.9827830484,0.0299838022,0.9700149541,6747974526503000
,26200,0.9999814173,0.9986379723,0.0007563105,0.0066181549,0.9933818113,0.0162951444,0.9837047506,0.0281412467,0.9718576192,6748112185693470
,26300,0.9999819413,0.9985885899,0.000833595,0.0063176848,0.9936822836,0.0154281575,0.9845717461,0.0264210607,0.9735779046,6748255527018420
,26400,0.9999824471,0.9985305104,0.0009181108,0.0060327715,0.9939671991,0.0146123695,0.9853875419,0.0248147159,0.9751843396,6748405430279840
,26500,0.9999829354,0.9984632081,0.0010104701,0.0057625207,0.9942374519,0.0138445088,0.9861554097,0.0233142816,0.9766848557,6748562818789290
,26600,0.9999834069,0.9983861057,0.0011113306,0.0055060942,0.9944938802,0.0131215246,0.9868784004,0.0219123884,0.9780868232,6748728663426090
,26700,0.9999838624,0.9982985717,0.0012213994,0.0052627055,0.9947372706,0.0124405702,0.9875593608,0.0206021878,0.9793970914,6748903987315390
,26800,0.9999843024,0.998199918,0.001341435,0.0050316186,0.9949683591,0.0117989945,0.9882009418,0.0193773259,0.9806220146,6749089869335110
,26900,0.9999847276,0.9980893966,0.0014722517,0.004812141,0.9951878382,0.0111943203,0.9888056211,0.0182318952,0.9817675011,6749287450368990
,27000,0.9999851386,0.9979661969,0.001614722,0.0046036241,0.9953963565,0.0106242383,0.9893757077,0.0171604146,0.9828390324,6749497936830380
,27100,0.9999855358,0.9978294419,0.0017697812,0.0044054575,0.9955945244,0.0100865911,0.989913359,0.0161577911,0.9838417022,6749722606810770
,27200,0.9999859199,0.9976781851,0.00193843,0.0042170692,0.9957829138,0.0095793672,0.9904205867,0.0152192994,0.984780236,6749962814068440
,27300,0.9999862914,0.997511407,0.0021217393,0.0040379212,0.9959620629,0.0091006873,0.9908992702,0.0143405507,0.9856590231,6750219994273920
,27400,0.9999866507,0.9973280109,0.0023208536,0.0038675085,0.9961324766,0.0086487971,0.9913511636,0.0135174714,0.9864821374,6750495669862200
,27500,0.9999869983,0.9971268188,0.0025369961,0.0037053552,0.9962946308,0.0082220563,0.9917779074,0.0127462757,0.987253365,6750791456834620
,27600,0.9999873347,0.9969065674,0.0027714722,0.0035510145,0.9964489725,0.0078189329,0.9921810335,0.0120234497,0.9879762202,6751109069582520
,27700,0.9999876602,0.9966659043,0.0030256742,0.0034040662,0.9965959216,0.0074379963,0.9925619725,0.011345731,0.9886539656,6751450326821020
,27800,0.9999879754,0.9964033825,0.0033010864,0.0032641147,0.9967358738,0.0070779081,0.9929220631,0.0107100876,0.9892896332,6751817158657650
,27900,0.9999882805,0.9961174562,0.0035992898,0.0031307876,0.9968692016,0.0067374167,0.9932625566,0.010113703,0.9898860401,6752211612616120
,28000,0.9999885759,0.9958064762,0.0039219665,0.0030037346,0.9969962553,0.0064153522,0.993584623,0.0095539609,0.9904458026,6752635859639590
,28100,0.9999888621,0.9954686833,0.0042709069,0.0028826248,0.9971173657,0.0061106182,0.9938893589,0.0090284267,0.9909713553,6753092203064910
,28200,0.9999891394,0.9951022065,0.0046480112,0.0027671479,0.9972328431,0.0058221915,0.9941777872,0.0085348424,0.9914649567,6753583080887450
,28300,0.999989408,0.994705053,0.0050552999,0.0026570099,0.9973429817,0.0055491109,0.9944508693,0.0080711025,0.9919287122,6754111079392680
,28400,0.9999896683,0.9942751079,0.0054949136,0.002551935,0.9974480571,0.0052904797,0.9947095019,0.0076352546,0.9923645744,6754678932659100
,28500,0.9999899206,0.9938101242,0.005969124,0.0024516622,0.9975483304,0.0050454552,0.9949545278,0.007225478,0.9927743641,6755289537162850
,28600,0.9999901652,0.9933077209,0.0064803348,0.0023559458,0.9976440472,0.0048132498,0.9951867343,0.006840082,0.9931597723,6755945952611220
,28700,0.9999904023,0.9927653818,0.007031084,0.0022645563,0.9977354372,0.0045931293,0.995406856,0.0064774976,0.9935223677,6756651404501500
,28800,0.9999906323,0.9921804233,0.0076240761,0.0021772696,0.9978227243,0.0043843908,0.9956155955,0.0061362447,0.9938636307,6757409326805430
,28900,0.9999908554,0.9915500296,0.008262146,0.0020938815,0.9979061127,0.00418639,0.9958135973,0.0058149651,0.9941849197,6758223314150690
,29000,0.9999910717,0.9908712196,0.0089482929,0.0020141968,0.9979857977,0.0039985172,0.9960014709,0.0055123866,0.9944875067,6759097165928340
,29100,0.9999912817,0.990140849,0.0096856785,0.0019380309,0.998061964,0.0038202005,0.9961797884,0.0052273241,0.9947725771,6760034884194630
,29200,0.9999914854,0.989355604,0.0104776328,0.0018652093,0.9981347858,0.0036509032,0.9963490865,0.0049586729,0.9950412356,6761040680638660
,29300,0.9999916831,0.9885119965,0.0113276592,0.0017955674,0.998204428,0.003490121,0.9965098693,0.004705403,0.9952945122,6762118983314000
,29400,0.999991875,0.9876063592,0.0122394397,0.0017289491,0.9982710466,0.0033373808,0.9966626102,0.0044665539,0.9955333675,6763274443065200
,29500,0.9999920613,0.9866348421,0.0132168379,0.0016652073,0.9983347886,0.0031922379,0.9968077537,0.0042412301,0.995758697,6764511937933090
,29600,0.9999922422,0.9855934057,0.0142639062,0.0016042025,0.9983957936,0.0030542745,0.9969457177,0.0040285953,0.9959713369,6765836581664640
,29700,0.9999924179,0.9844778171,0.0153848899,0.0015458025,0.9984541939,0.0029230972,0.9970768955,0.0038278687,0.9961720684,6767253729277700
,29800,0.9999925885,0.983283652,0.0165842249,0.0014898826,0.998510114,0.0027983372,0.9972016559,0.0036383222,0.9963616194,6768768974032610
,29900,0.9999927543,0.9820062819,0.0178665506,0.0014363242,0.9985636725,0.0026796464,0.9973203472,0.0034592742,0.9965406715,6770388164061620
,30000,0.9999929153,0.9806408843,0.0192367,0.0013850156,0.9986149813,0.0025666982,0.9974332958,0.0032900893,0.9967098602,6772117389480070
,30100,0.9999930718,0.9791824303,0.0206997118,0.0013358503,0.9986641467,0.0024591846,0.9975408098,0.0031301728,0.9968697802,6773962998295110
,30200,0.9999932238,0.9776256926,0.0222608226,0.0012887279,0.9987112693,0.002356816,0.9976431787,0.0029789691,0.9970209871,6775931586152960
,30300,0.9999933716,0.9759652409,0.0239254717,0.001243553,0.9987564444,0.0022593196,0.9977406755,0.0028359583,0.997164001,6778030002310050
,30400,0.9999935153,0.9741954431,0.0256992993,0.0012002349,0.9987997627,0.0021664379,0.9978335575,0.0027006538,0.9972993082,6780265348261560
,30500,0.999993655,0.9723104753,0.0275881373,0.0011586879,0.9988413098,0.0020779289,0.9979220668,0.0025726007,0.9974273639,6782644965394010
,30600,0.9999937908,0.9703043195,0.0295980114,0.0011188306,0.9988811672,0.0019935642,0.9980064317,0.002451373,0.9975485941,6785176437604740
,30700,0.9999939228,0.9681707747,0.0317351295,0.0010805858,0.9989194121,0.0019131287,0.9980868675,0.0023365717,0.9976633975,6787867577585200
,30800,0.9999940512,0.9659034566,0.0340058828,0.00104388,0.998956118,0.0018364191,0.9981635774,0.002227823,0.9977721483,6790726427538320
,30900,0.9999941762,0.9634958178,0.0364168251,0.0010086437,0.9989913544,0.0017632438,0.9982367529,0.0021247767,0.9978751965,6793761233315770
,31000,0.9999942977,0.9609411478,0.0389746729,0.0009748106,0.9990251876,0.0016934218,0.998306575,0.0020271043,0.9979728706,6796980444921480
,31100,0.9999944159,0.9582325953,0.0416862832,0.0009423179,0.9990576804,0.0016267825,0.9983732145,0.0019344981,0.9980654786,6800392688319870
,31200,0.999994531,0.9553631888,0.044558633,0.0009111058,0.9990888926,0.0015631649,0.9984368323,0.0018466695,0.9981533087,6804006739566910
,31300,0.9999946429,0.952325841,0.0475988149,0.0008811177,0.9991188808,0.0015024167,0.9984975807,0.0017633476,0.998236632,6807831519763140
,31400,0.9999947519,0.9491133666,0.0508140189,0.0008522992,0.9991476993,0.0014443937,0.9985556039,0.0016842778,0.998315703,6811876071992750
,31500,0.9999948579,0.9457185309,0.0542114846,0.0008245993,0.9991753993,0.0013889601,0.9986110376,0.0016092217,0.9983907603,6816149500941370
,31600,0.9999949612,0.9421340416,0.0577985086,0.0007979688,0.9992020299,0.0013359872,0.9986640107,0.0015379548,0.9984620284,6820660982879860
,31700,0.9999950617,0.9383526181,0.0615823756,0.0007723615,0.9992276373,0.0012853536,0.9987146444,0.0014702668,0.9985297175,6825419678731880
,31800,0.9999951595,0.9343669758,0.0655703744,0.0007477328,0.999252266,0.0012369441,0.998763054,0.0014059595,0.9985940258,6830434753976000
,31900,0.9999952548,0.9301699037,0.0697697196,0.0007240408,0.9992759581,0.00119065,0.9988093482,0.001344847,0.9986551392,6835715280572340
,32000,0.9999953476,0.92575426,0.0741875566,0.0007012451,0.9992987538,0.0011463681,0.9988536302,0.0012867541,0.9987132329,6841270243610640
,32100,0.999995438,0.9211130485,0.078830885,0.0006793075,0.9993206914,0.001104001,0.9988959974,0.0012315164,0.9987684714,6847108444150180
,32200,0.9999955261,0.916239446,0.0837065313,0.0006581916,0.9993418074,0.0010634562,0.9989365423,0.001178979,0.9988210096,6853238465633930
,32300,0.9999956119,0.9111268326,0.0888211183,0.0006378626,0.9993621365,0.0010246463,0.9989753523,0.001128996,0.9988709933,6859668635425950
,32400,0.9999956955,0.9057688643,0.094180993,0.0006182873,0.9993817118,0.0009874882,0.9990125104,0.0010814302,0.9989185597,6866406933850920
,32500,0.9999957769,0.9001594943,0.0997922047,0.000599434,0.9994005652,0.0009519034,0.9990480954,0.0010361524,0.9989638381,6873460967117410
,32600,0.9999958563,0.8942930602,0.1056604188,0.0005812727,0.9994187265,0.0009178173,0.9990821815,0.0009930409,0.9990069502,6880837858367590
,32700,0.9999959336,0.8881642821,0.1117909172,0.0005637744,0.9994362249,0.0008851592,0.9991148397,0.0009519807,0.9990480109,6888544249226500
,32800,0.999996009,0.8817683697,0.1181884929,0.0005469117,0.9994530876,0.000853862,0.999146137,0.0009128637,0.9990871284,6896586166192680
,32900,0.9999960825,0.8751010439,0.1248574269,0.0005306583,0.999469341,0.000823862,0.999176137,0.000875588,0.9991244046,6904968992461050
,33000,0.9999961542,0.8681585986,0.1318014275,0.0005149892,0.9994850101,0.0007950989,0.9992049001,0.0008400573,0.9991599357,6913697391448340
,33100,0.999996224,0.8609379073,0.1390236233,0.0004998802,0.9995001192,0.0007675149,0.9992324842,0.0008061805,0.9991938129,6922775297613230
,33200,0.9999962922,0.8534366569,0.146526329,0.0004853088,0.9995146906,0.0007410563,0.9992589429,0.0007738726,0.9992261212,6932205622877440
,33300,0.9999963586,0.8456531344,0.1543112594,0.0004712529,0.9995287465,0.0007156709,0.9992843283,0.0007430525,0.9992569416,6941990524782910
,33400,0.9999964234,0.8375864383,0.1623793178,0.0004576917,0.9995423078,0.0006913096,0.9993086896,0.0007136438,0.9992863507,6952131141257970
,33500,0.9999964867,0.8292364856,0.1707305886,0.000444605,0.9995553944,0.0006679256,0.9993320736,0.0006855743,0.9993144205,6962627580802420
,33600,0.9999965484,0.8206040537,0.179364296,0.0004319739,0.9995680256,0.0006454746,0.9993545247,0.0006587759,0.9993412191,6973478871173780
,33700,0.9999966086,0.8116908281,0.1882787559,0.0004197799,0.9995802196,0.0006239143,0.999376085,0.0006331844,0.999366811,6984682898239700
,33800,0.9999966673,0.8024993016,0.1974714767,0.0004080054,0.9995919942,0.0006032042,0.9993967952,0.0006087383,0.9993912573,6996236533221120
,33900,0.9999967247,0.7930332122,0.2069387217,0.0003966339,0.9996033656,0.0005833067,0.9994166927,0.000585381,0.9994146149,7008135082759500
,34000,0.9999967806,0.7832970144,0.2166760377,0.0003856494,0.9996143502,0.0005641852,0.9994358142,0.0005630576,0.9994369385,7020372952508060
,34100,0.9999968353,0.7732962099,0.2266779239,0.0003750363,0.9996249633,0.000545805,0.9994541944,0.0005417167,0.9994582796,7032943232239200
,34200,0.9999968887,0.7630373048,0.2369378755,0.00036478,0.9996352196,0.0005281333,0.9994718662,0.0005213096,0.9994786869,7045837749383350
,34300,0.9999969408,0.7525278239,0.2474483684,0.0003548665,0.9996451331,0.0005111388,0.9994888607,0.0005017903,0.9994982064,7059047050929830
,34400,0.9999969917,0.7417762311,0.2582009401,0.0003452823,0.9996547174,0.0004947915,0.999505208,0.0004831151,0.9995168817,7072560504087370
,34500,0.9999970414,0.730791966,0.2691861515,0.0003360144,0.9996639853,0.0004790632,0.9995209364,0.0004652429,0.9995347541,7086366249185220
,34600,0.99999709,0.7195854053,0.2803936269,0.0003270505,0.9996729492,0.0004639267,0.9995360729,0.0004481344,0.9995518627,7100451249325330
,34700,0.9999971375,0.7081678285,0.2918120876,0.0003183787,0.9996816209,0.0004493563,0.9995506433,0.0004317528,0.9995682445,7114801332905690
,34800,0.999997184,0.6965513922,0.3034293779,0.0003099878,0.9996900119,0.0004353276,0.999564672,0.000416063,0.9995839345,7129401225954220
,34900,0.9999972294,0.6847489379,0.3152326571,0.0003018668,0.9996981329,0.0004218169,0.9995781828,0.0004010316,0.999598966,7144234793940280
,35000,0.9999972737,0.6727743748,0.3272080165,0.0002940054,0.9997059943,0.0004088023,0.9995911973,0.0003866275,0.9996133702,7159284560138970
,35100,0.9999973171,0.6606420147,0.3393411452,0.0002863937,0.999713606,0.0003962625,0.9996037371,0.0003728208,0.9996271771,7174532542289040
,35200,0.9999973596,0.6483668811,0.3516170203,0.0002790222,0.9997209776,0.0003841773,0.9996158223,0.0003595831,0.9996404148,7189959863453060
,35300,0.9999974012,0.6359645456,0.3640200709,0.0002718815,0.9997281182,0.0003725275,0.9996274722,0.0003468878,0.9996531102,7205546957929370
,35400,0.9999974418,0.6234510659,0.3765342399,0.0002649632,0.9997350366,0.0003612947,0.9996387051,0.0003347095,0.9996652886,7221273649229210
,35500,0.9999974816,0.6108428335,0.3891431365,0.0002582586,0.9997417411,0.0003504613,0.9996495384,0.0003230241,0.9996769742,7237119341117900
,35600,0.9999975206,0.5981566087,0.401830001,0.00025176,0.9997482398,0.0003400109,0.9996599889,0.0003118087,0.9996881896,7253062973977050
,35700,0.9999975587,0.5854093118,0.4145779137,0.0002454595,0.9997545403,0.0003299274,0.9996700724,0.0003010418,0.9996989566,7269083287324060
,35800,0.9999975961,0.5726180206,0.4273697973,0.0002393498,0.99976065,0.0003201958,0.999679804,0.0002907028,0.9997092957,7285158822303280
,35900,0.9999976326,0.5597998296,0.4401885581,0.0002334239,0.9997665759,0.0003108017,0.9996891981,0.0002807722,0.9997192264,7301268099438020
,36000,0.9999976685,0.5469717609,0.4530171744,0.0002276752,0.9997723246,0.0003017312,0.9996982686,0.0002712316,0.9997287671,7317389729718380
,36100,0.9999977036,0.5341507498,0.4658387116,0.000222097,0.9997779028,0.0002929714,0.9997070284,0.0002620633,0.9997379353,7333502433738870
,36200,0.9999977381,0.5213534362,0.4786365302,0.0002166833,0.9997833165,0.0002845096,0.9997154902,0.0002532509,0.9997467479,7349585302869940
,36300,0.9999977718,0.5085962269,0.4913942242,0.0002114282,0.9997885716,0.0002763341,0.9997236657,0.0002447784,0.9997552205,7365617721573360
,36400,0.9999978049,0.4958951129,0.5040958031,0.000206326,0.9997936738,0.0002684333,0.9997315665,0.0002366308,0.9997633681,7381579596809310
,36500,0.9999978373,0.4832655985,0.516725763,0.0002013713,0.9997986285,0.0002607966,0.9997392033,0.0002287939,0.9997712051,7397451446793540
,36600,0.9999978692,0.4707227419,0.5292690464,0.0001965589,0.9998034409,0.0002534134,0.9997465864,0.000221254,0.9997787449,7413214350838100
,36700,0.9999979004,0.4582809714,0.5417112255,0.0001918839,0.9998081159,0.0002462741,0.9997537258,0.0002139985,0.9997860005,7428850179340070
,36800,0.999997931,0.4459541198,0.554038468,0.0001873415,0.9998126584,0.000239369,0.9997606308,0.0002070149,0.9997929841,7444341551114570
,36900,0.9999979611,0.433755325,0.5662376367,0.0001829271,0.9998170727,0.0002326893,0.9997673105,0.0002002917,0.9997997074,7459671958368960
,37000,0.9999979906,0.4216970069,0.5782963122,0.0001786365,0.9998213634,0.0002262264,0.9997737734,0.0001938178,0.9998061813,7474825795399160
,37100,0.9999980195,0.4097909507,0.5902027097,0.0001744655,0.9998255344,0.0002199722,0.9997800277,0.0001875828,0.9998124164,7489788253956340
,37200,0.9999980479,0.3980478069,0.6019461794,0.0001704099,0.99982959,0.0002139186,0.9997860813,0.0001815764,0.9998184228,7504545951932950
,37300,0.9999980758,0.3864777898,0.6135165074,0.000166466,0.9998335339,0.0002080582,0.9997919416,0.0001757892,0.99982421,7519086054992090
,37400,0.9999981033,0.3750901791,0.6249044146,0.0001626301,0.9998373697,0.000202384,0.9997976159,0.0001702122,0.9998297871,7533396903536080
,37500,0.9999981302,0.3638934505,0.6361014259,0.0001588988,0.9998411011,0.0001968889,0.999803111,0.0001648366,0.9998351627,7547467848180190
,37600,0.9999981566,0.3528952421,0.6470999034,0.0001552685,0.9998447313,0.0001915666,0.9998084333,0.0001596543,0.9998403451,7561289291879780
,37700,0.9999981826,0.3421023602,0.6578930416,0.0001517362,0.9998482637,0.0001864108,0.9998135891,0.0001546574,0.999845342,7574852683122940
,37800,0.9999982081,0.3315208341,0.6684748117,0.0001482985,0.9998517014,0.0001814154,0.9998185845,0.0001498383,0.9998501611,7588150446616940
,37900,0.9999982332,0.3211558839,0.6788399939,0.0001449527,0.9998550472,0.0001765747,0.9998234252,0.00014519,0.9998548094,7601176023830160
,38000,0.9999982578,0.3110119547,0.6889841437,0.0001416957,0.9998583042,0.0001718833,0.9998281166,0.0001407056,0.9998592938,7613923830205160
,38100,0.999998282,0.3010927248,0.6989035831,0.0001385248,0.9998614751,0.0001673358,0.9998326641,0.0001363787,0.9998636208,7626389244642270
,38200,0.9999983058,0.2914011874,0.7085953196,0.0001354375,0.9998645625,0.0001629272,0.9998370727,0.0001322029,0.9998677966,7638568507031210
,38300,0.9999983292,0.2819396931,0.7180570028,0.000132431,0.9998675689,0.0001586528,0.9998413471,0.0001281725,0.999871827,7650458664619260
,38400,0.9999983521,0.2727096478,0.7272872275,0.000129503,0.9998704969,0.0001545077,0.9998454922,0.0001242817,0.9998757179,7662057951951960
,38500,0.9999983747,0.2637121097,0.7362849357,0.000126651,0.9998733489,0.0001504877,0.9998495123,0.0001205251,0.9998794745,7673365040197440
,38600,0.999998397,0.2549474426,0.7450497642,0.0001238729,0.9998761271,0.0001465883,0.9998534117,0.0001168974,0.9998831022,7684379473448980
,38700,0.9999984188,0.2464154692,0.7535818904,0.0001211663,0.9998788336,0.0001428055,0.9998571944,0.0001133939,0.9998866057,7695101475211900
,38800,0.9999984403,0.2381154233,0.7618820812,0.0001185292,0.9998814707,0.0001391354,0.9998608645,0.0001100097,0.99988999,7705532009557460
,38900,0.9999984614,0.2300461302,0.7699515115,0.0001159596,0.9998840403,0.0001355742,0.9998644258,0.0001067402,0.9998932594,7715672553529060
,39000,0.9999984821,0.2222058778,0.7777918938,0.0001134554,0.9998865445,0.0001321182,0.9998678818,0.0001035813,0.9998964184,7725525259373640
,39100,0.9999985026,0.2145925719,0.7854053227,0.0001110148,0.9998889851,0.0001287639,0.9998712361,0.0001005286,0.9998994711,7735092759781110
,39200,0.9999985226,0.2072038341,0.7927941769,0.000108636,0.999891364,0.000125508,0.9998744919,9.75782618247669E-005,0.9999024214,7744378044200000
,39300,0.9999985424,0.200036665,0.799961456,0.000106317,0.9998936829,0.0001223472,0.9998776528,9.47263901140344E-005,0.9999052733,7753384882625480
,39400,0.9999985618,0.1930880239,0.8069102012,0.0001040563,0.9998959436,0.0001192784,0.9998807216,9.19693651917318E-005,0.9999080303,7762117096919260
,39500,0.9999985809,0.1863544832,0.8136438403,0.0001018522,0.9998981477,0.0001162985,0.9998837014,8.93036746939462E-005,0.9999106961,7770578994966120
,39600,0.9999985997,0.1798323783,0.8201660383,9.97030693840363E-005,0.9999002969,0.0001134048,0.9998865952,0.000086726,0.9999132738,7778775182654290
,39700,0.9999986182,0.1735178363,0.8264806683,9.76073450961591E-005,0.9999023926,0.0001105943,0.9998894056,0.000084233,0.9999157668,7786710527313330
,39800,0.9999986363,0.1674067867,0.8325918009,9.55635463070665E-005,0.9999044364,0.0001078645,0.9998921354,8.18216828357934E-005,0.9999181781,7794390144697980
,39900,0.9999986542,0.1614949988,0.8385036673,9.35702199471466E-005,0.9999064297,0.0001052127,0.9998947872,7.94890631803805E-005,0.9999205107,7801819351961290
,40000,0.9999986718,0.1557780994,0.8442206409,0.000091626,0.999908374,0.0001026365,0.9998973635,7.72322763887451E-005,0.9999227675,7809003645173030
,40100,0.9999986891,0.1502516221,0.8497471882,8.972939082826E-005,0.9999102706,0.0001001333,0.9998998666,7.50485907838535E-005,0.9999249512,7815948637316570
,40200,0.9999987061,0.1449110128,0.8550878636,8.78792174670387E-005,0.9999121207,0.000097701,0.999902299,7.29353827639728E-005,0.9999270644,7822660052049560
,40300,0.9999987229,0.1397516281,0.8602473108,8.60741440312682E-005,0.9999139258,9.53372349952531E-005,0.9999046627,7.08901190092831E-005,0.9999291097,7829143724686460
,40400,0.9999987394,0.1347688162,0.8652301815,8.43129472868437E-005,0.999915687,9.30398781298604E-005,0.9999069601,6.89103875896486E-005,0.9999310894,7835405501318240
,40500,0.9999987556,0.1299578532,0.8700412001,8.2594410434838E-005,0.9999174055,9.08068286315609E-005,0.9999091931,6.69938454740856E-005,0.999933006,7841451318709980
,40600,0.9999987716,0.1253140397,0.8746850661,8.09173792675971E-005,0.9999190826,8.86360833090989E-005,0.9999113639,6.51382617168211E-005,0.9999348616,7847287082653700
,40700,0.9999987872,0.1208326654,0.87916649,7.92807243647147E-005,0.9999207192,8.65256969012578E-005,0.9999134743,6.33414835994847E-005,0.9999366584,7852918712679370
,40800,0.9999988027,0.1165090313,0.8834901708,7.7683345688127E-005,0.9999223166,8.44737859431205E-005,0.9999155262,6.16014378743644E-005,0.9999383984,7858352114056830
,40900,0.9999988179,0.1123384812,0.8876607651,7.61241856149614E-005,0.9999238758,8.24785416932665E-005,0.9999175214,5.99161385648197E-005,0.9999400837,7863593138301590
,41000,0.9999988329,0.1083163876,0.8916829003,7.46022088740152E-005,0.9999253978,8.0538207055101E-005,0.9999194618,5.82836685336044E-005,0.9999417162,7868647600849370
,41100,0.9999988476,0.1044381915,0.8955611357,7.31164242842488E-005,0.9999268835,7.86510989649707E-005,0.9999213489,5.67021942538076E-005,0.9999432977,7873521230950020
,41200,0.9999988621,0.1006993761,0.8992999881,7.16658566618998E-005,0.9999283341,7.68155768916764E-005,0.9999231844,5.51699415440008E-005,0.9999448299,7878219704863160
,41300,0.9999988763,0.097095493,0.9029039061,7.0249559814821E-005,0.9999297504,7.50300558944647E-005,0.9999249699,5.3685203737067E-005,0.9999463147,7882748612853850
,41400,0.9999988903,0.0936221841,0.906377248,6.88666277409547E-005,0.9999311333,0.000073293,0.999926707,5.22463481100291E-005,0.9999477535,7887113431926560
,41500,0.9999989042,0.0902751553,0.909724308,6.75161685062799E-005,0.9999324838,0.000071603,0.999928397,5.0851793903172E-005,0.9999491481,7891319558295610
,41600,0.9999989177,0.0870502124,0.9129492802,6.61973280311518E-005,0.9999338026,6.99585266389501E-005,0.9999300415,0.0000495,0.9999504999,7895372262689300
,41700,0.9999989311,0.0839432225,0.9160562978,6.49092538287078E-005,0.9999350907,6.83582588068973E-005,0.9999316417,4.81895788140467E-005,0.9999518103,7899276739057580
,41800,0.9999989443,0.0809501825,0.9190493639,6.36511486361857E-005,0.9999363488,6.68008593328836E-005,0.9999331991,0.000046919,0.9999530808,7903038017964130
,41900,0.9999989572,0.0780671573,0.9219324137,6.24222155701396E-005,0.9999375778,0.000065285,0.9999347149,4.56870781939958E-005,0.9999543128,7906661044569240
,42000,0.99999897,0.0752903189,0.9247092755,6.12216882038377E-005,0.9999387783,6.38095232249272E-005,0.9999361905,4.4492362007231E-005,0.9999555075,7910150629597290
,42100,0.9999989826,0.072615946,0.9273836703,6.00488290182636E-005,0.9999399511,6.23731395762108E-005,0.9999376268,4.33336487870101E-005,0.9999566663,7913511449299820
,42200,0.9999989949,0.0700404019,0.9299592352,5.89029076717967E-005,0.9999410971,6.09747043673226E-005,0.9999390253,4.22097229483906E-005,0.9999577902,7916748074036200
,42300,0.9999990071,0.0675601661,0.9324394904,5.77832283137747E-005,0.9999422167,5.96130953904729E-005,0.9999403869,4.11194233013914E-005,0.9999588805,7919864927781100
,42400,0.9999990191,0.0651718116,0.9348278635,5.66891080609809E-005,0.9999433109,5.82872198509866E-005,0.9999417128,4.00616261893246E-005,0.9999599383,7922866317439680
,42500,0.9999990309,0.0628720053,0.9371276872,5.56198771373972E-005,0.9999443801,0.000056996,0.999943004,3.90352445126967E-005,0.9999609647,7925756431365440
,42600,0.9999990425,0.0606575223,0.9393421866,5.45748913326056E-005,0.9999454251,5.57384551933004E-005,0.9999442615,3.80392353683852E-005,0.9999619607,7928539322255600
,42700,0.9999990539,0.0585252437,0.9414744807,5.35535307140735E-005,0.9999464464,5.45135601276122E-005,0.9999454864,3.70725978492772E-005,0.9999629273,7931218909720660
,42800,0.9999990652,0.0564721421,0.943527597,5.25551865953113E-005,0.9999474448,5.33203706558957E-005,0.9999466796,3.61343628465347E-005,0.9999638656,7933798998069320
,42900,0.9999990763,0.0544952877,0.9455044652,5.15792674609095E-005,0.9999484207,0.000052158,0.999947842,3.52235961999657E-005,0.9999647763,7936283269180790
,43000,0.9999990872,0.052591841,0.947407925,5.06251927960211E-005,0.9999493748,5.10254232648955E-005,0.9999489746,3.43393935074786E-005,0.9999656605,7938675291340090
,43100,0.9999990979,0.0507590737,0.9492407046,4.96924153238142E-005,0.9999503076,4.99219047414838E-005,0.9999500781,3.34808942741487E-005,0.999966519,7940978493062860
,43200,0.9999991085,0.0489942833,0.9510055067,4.87803340838204E-005,0.9999512196,4.88465046929015E-005,0.9999511535,3.26472224288364E-005,0.9999673527,7943196270655430
,43300,0.9999991189,0.0472950126,0.9527047884,4.78885244979792E-005,0.9999521115,4.77985123262403E-005,0.9999522015,3.18376399443646E-005,0.9999681623,7945331711732950
,43400,0.9999991292,0.0456587444,0.954341067,4.70164222227828E-005,0.9999529836,4.67770876480917E-005,0.9999532229,3.10513336243339E-005,0.9999689486,7947387979863110
,43500,0.9999991393,0.0440830975,0.9559167237,4.61635285111946E-005,0.9999538365,4.57814671672129E-005,0.9999542185,3.02875524379526E-005,0.9999697124,7949368067303930
,43600,0.9999991493,0.0425657753,0.9574340552,4.53293584995836E-005,0.9999546706,4.48109115196548E-005,0.9999551891,2.95455719100906E-005,0.9999704544,7951274860190260
,43700,0.9999991591,0.0411045633,0.958895276,4.45134407964976E-005,0.9999554865,4.38647046499961E-005,0.9999561353,2.8824693110982E-005,0.9999711753,7953111141278220
,43800,0.9999991687,0.0396973272,0.9603025204,4.37153170842544E-005,0.9999562847,4.2942153022081E-005,0.9999570578,2.81242416868445E-005,0.9999718757,7954879592732510
,43900,0.9999991783,0.0383420145,0.961657841,4.29345463860785E-005,0.9999570654,4.20425894146185E-005,0.9999579574,2.7443569903979E-005,0.9999725564,7956582793918700
,44000,0.9999991876,0.037036636,0.9629632269,4.21706859813491E-005,0.9999578293,4.11653538516002E-005,0.9999588346,0.000026782,0.9999732179,7958223244502010
,44100,0.9999991969,0.0357792751,0.9642205949,4.14233034331296E-005,0.9999585767,4.03098051667428E-005,0.9999596902,2.61390503198069E-005,0.9999738609,7959803353159230
,44200,0.999999206,0.0345681265,0.9654317501,0.000040692,0.999959308,3.94753692607433E-005,0.9999605246,0.000025514,0.9999744859,7961325388311240
,44300,0.9999992149,0.0334014072,0.9665984756,3.99764392365465E-005,0.9999600235,3.86614367801624E-005,0.9999613386,2.49064017843245E-005,0.9999750936,7962791590720290
,44400,0.9999992238,0.0322774124,0.9677224764,3.92761491491923E-005,0.9999607238,3.78674299344191E-005,0.9999621326,2.43156226090212E-005,0.9999756843,7964204102804130
,44500,0.9999992324,0.0311945053,0.9688053891,3.85907794541174E-005,0.9999614092,3.70927930003776E-005,0.9999629072,2.37411644825056E-005,0.9999762588,7965564981336730
,44600,0.999999241,0.0301511115,0.9698487882,0.00003792,0.99996208,0.000036337,0.999963663,2.3182519143677E-005,0.9999768174,7966876204816890
,44700,0.9999992495,0.0291457228,0.9708541819,3.72633525085609E-005,0.9999627366,3.55994986054981E-005,0.9999644005,2.26392005355815E-005,0.9999773608,7968139668614620
,44800,0.9999992578,0.0281768739,0.9718230357,3.66205874796195E-005,0.9999633794,3.48798091020769E-005,0.9999651202,2.21107272415043E-005,0.9999778892,7969357214253730
,44900,0.999999266,0.0272431704,0.9727567436,3.59913386821782E-005,0.9999640087,3.41774358062344E-005,0.9999658226,2.15966460898686E-005,0.9999784033,7970530593731590
,45000,0.9999992741,0.0263432662,0.9736566521,3.53752775077483E-005,0.9999646247,3.34919029346841E-005,0.9999665081,2.1096514574215E-005,0.9999789035,7971661498830610
,45100,0.999999282,0.0254758553,0.9745240671,3.47720676763775E-005,0.9999652279,3.2822733564536E-005,0.9999671773,2.06098953743091E-005,0.9999793901,7972751570632660
,45200,0.9999992899,0.0246397163,0.9753602099,3.41814290787506E-005,0.9999658186,3.21695097154738E-005,0.9999678305,2.01363938673697E-005,0.9999798636,7973802344115300
,45300,0.9999992976,0.0238336434,0.9761662864,0.000033603,0.9999663969,3.15317840414264E-005,0.9999684682,1.96756023412222E-005,0.9999803244,7974815334555650
,45400,0.9999993052,0.0230564878,0.9769434454,3.30366197245082E-005,0.9999669634,3.09091359408553E-005,0.9999690909,1.92271350873564E-005,0.9999807728,7975791985481880
,45500,0.9999993128,0.0223071436,0.9776927929,3.24818644061638E-005,0.9999675181,3.03011543764536E-005,0.9999696988,1.87906173914383E-005,0.9999812094,7976733686800820
,45600,0.9999993202,0.0215845548,0.9784153848,3.19385064203363E-005,0.9999680615,2.97074499967878E-005,0.9999702925,1.83656928437565E-005,0.9999816343,7977641765543100
,45700,0.9999993275,0.0208876979,0.9791122447,3.14062676127674E-005,0.9999685937,2.91276328476925E-005,0.9999708724,0.000017952,0.999982048,7978517507757440
,45800,0.9999993347,0.0202155962,0.9797843491,3.08848870186496E-005,0.9999691151,2.85613337310896E-005,0.9999714387,1.75492319651223E-005,0.9999824507,7979362140861470
,45900,0.9999993418,0.0195673093,0.9804326387,3.0374107359944E-005,0.9999696259,2.80081914398526E-005,0.9999719918,0.000017157,0.9999828429,7980176846742970
,46000,0.9999993488,0.0189419335,0.9810580169,2.98736781836019E-005,0.9999701263,2.74678555140592E-005,0.9999725321,1.67751042340233E-005,0.9999832249,7980962760804160
,46100,0.9999993557,0.0183386011,0.9816613517,2.93833556653394E-005,0.9999706166,0.00002694,0.99997306,1.64031345319845E-005,0.9999835968,7981720973762620
,46200,0.9999993625,0.0177564781,0.9822434769,2.89029024193208E-005,0.9999710971,2.64242525813276E-005,0.9999735757,1.60408316399793E-005,0.9999839591,7982452533390640
,46300,0.9999993692,0.0171947654,0.9828051918,2.84320901633459E-005,0.9999715679,2.59203379192819E-005,0.9999740797,1.56879122965366E-005,0.9999843121,7983158444065370
,46400,0.9999993758,0.0166526901,0.9833472691,2.79706880855358E-005,0.9999720293,2.54279258237186E-005,0.9999745721,1.5344097781309E-005,0.9999846559,7983839676976960
,46500,0.9999993823,0.0161295165,0.9838704446,2.75184826768002E-005,0.9999724815,2.49467197305609E-005,0.9999750533,1.50091246336574E-005,0.9999849909,7984497156709870
,46600,0.9999993887,0.0156245329,0.9843754301,2.70752576678183E-005,0.9999729247,2.44764241728704E-005,0.9999755236,1.46827333662124E-005,0.9999853172,7985131777581360
,46700,0.9999993951,0.0151370573,0.9848629074,2.66408052083158E-005,0.9999733592,2.40167548319445E-005,0.9999759832,1.4364674408599E-005,0.9999856353,7985744396651060
,46800,0.9999994013,0.0146664345,0.9853335319,2.62149228588435E-005,0.9999737851,2.35674356668816E-005,0.9999764326,1.4054706241064E-005,0.9999859453,7986335837246390
,46900,0.9999994075,0.0142120364,0.9857879315,2.57974159739496E-005,0.9999742026,2.31282009258221E-005,0.9999768718,1.37525964640467E-005,0.9999862474,7986906888574920
,47000,0.9999994136,0.0137732571,0.9862267123,2.5388089846275E-005,0.9999746119,2.26987879700679E-005,0.9999773012,1.345811740247E-005,0.9999865419,7987458312328920
,47100,0.9999994196,0.0133495155,0.9866504553,2.49867573682573E-005,0.9999750132,2.22789440524228E-005,0.9999777211,1.31710500363316E-005,0.9999868289,7987990838495960
,47200,0.9999994255,0.0129402549,0.9870597173,2.45932386511023E-005,0.9999754068,2.18684258334168E-005,0.9999781316,1.28911835827477E-005,0.9999871088,7988505166845780
,47300,0.9999994313,0.0125449389,0.9874550346,2.42073559624177E-005,0.9999757926,0.000021467,0.999978533,1.26183126503906E-005,0.9999873817,7989001971363910
,47400,0.9999994371,0.0121630509,0.9878369237,2.38289338241383E-005,0.9999761711,2.1074417050894E-005,0.9999789256,1.23522371622398E-005,0.9999876477,7989481901088030
,47500,0.9999994428,0.0117940961,0.9882058797,2.34578036267075E-005,0.9999765422,2.06904677469104E-005,0.9999793095,1.20927646081775E-005,0.9999879072,7989945578102120
,47600,0.9999994484,0.0114375998,0.9885623771,2.30938032847924E-005,0.9999769062,2.0314930227032E-005,0.9999796851,1.18397096803041E-005,0.9999881603,7990393598807230
,47700,0.9999994539,0.0110931047,0.9889068732,2.2736772550144E-005,0.9999772632,1.99475920031769E-005,0.9999800524,1.15928917047787E-005,0.9999884071,7990826537770260
,47800,0.9999994593,0.0107601705,0.9892398084,2.23865531049928E-005,0.9999776134,1.9588244733219E-005,0.9999804118,1.13521345807864E-005,0.9999886479,7991244948432570
,47900,0.9999994647,0.010438376,0.9895616039,0.000022043,0.999977957,1.92366897305888E-005,0.9999807633,1.11172698942413E-005,0.9999888827,7991649360093180
,48000,0.99999947,0.0101273153,0.9898726655,2.17059497019711E-005,0.999978294,1.88927320054056E-005,0.9999811073,1.08881333703013E-005,0.9999891119,7992040282785000
,48100,0.9999994753,0.0098265974,0.9901733842,2.13752707068001E-005,0.9999786247,1.85561802864615E-005,0.9999814438,1.0664564822564E-005,0.9999893354,7992418207898830
,48200,0.9999994804,0.0095358492,0.9904641333,2.10508210479641E-005,0.9999789492,1.82268539190529E-005,0.9999817731,1.04464120441253E-005,0.9999895536,7992783604311420
,48300,0.9999994855,0.0092547083,0.9907452749,2.07324592468661E-005,0.9999792675,1.79045703604963E-005,0.9999820954,1.02335235450834E-005,0.9999897665,7993136927301210
,48400,0.9999994906,0.0089828292,0.9910171548,2.0420053298756E-005,0.9999795799,1.75891572895694E-005,0.9999824108,1.00257554395956E-005,0.9999899742,7993478611210980
,48500,0.9999994955,0.0087198786,0.991280106,2.01134725173767E-005,0.9999798865,1.72804454610447E-005,0.9999827196,0.000009823,0.999990177,7993809074748510
,48600,0.9999995004,0.0084655363,0.9915344491,1.98125894675334E-005,0.9999801874,1.69782703156211E-005,0.9999830217,0.000009625,0.999990375,7994128720505030
,48700,0.9999995053,0.008219494,0.991780492,1.95172798758223E-005,0.9999804827,1.66824718371674E-005,0.9999833175,9.43179028447686E-006,0.9999905682,7994437935604520
,48800,0.99999951,0.0079814557,0.9920185309,1.92274225439967E-005,0.9999807726,1.63928944146606E-005,0.9999836071,9.2431414536649E-006,0.9999907568,7994737092326400
,48900,0.9999995148,0.0077511356,0.9922488516,1.89428975142545E-005,0.9999810571,1.61093852198823E-005,0.9999838906,0.000009059,0.999990941,7995026549596150
,49000,0.9999995194,0.0075282619,0.9924717258,1.86635947408097E-005,0.9999813364,1.58318015221443E-005,0.9999841682,8.8791023995944E-006,0.9999911209,7995306649090610
,49100,0.999999524,0.0073125689,0.9926874194,1.83893965043478E-005,0.9999816106,0.00001556,0.99998444,8.70347506300842E-006,0.9999912965,7995577724721810
,49200,0.9999995285,0.0071038036,0.9928961851,1.81201948414976E-005,0.9999818798,1.52938298861535E-005,0.9999847062,0.000008532,0.999991468,7995840094228800
,49300,0.999999533,0.0069017229,0.9930982663,1.78558843472898E-005,0.9999821441,1.50331700231894E-005,0.9999849668,8.36443922533234E-006,0.9999916356,7996094063363170
,49400,0.9999995374,0.0067060908,0.9932938989,1.75963573038149E-005,0.9999824036,1.47778814777044E-005,0.9999852221,8.2008135243334E-006,0.9999917992,7996339928650730
,49500,0.9999995418,0.0065166826,0.9934833075,1.7341515051385E-005,0.9999826585,1.45278386892731E-005,0.9999854722,0.000008041,0.999991959,7996577972322900
,49600,0.9999995461,0.006333281,0.9936667095,1.70912580828101E-005,0.9999829087,1.42829167513491E-005,0.9999857171,7.88483239888641E-006,0.9999921152,7996808467529010
,49700,0.9999995503,0.0061556758,0.9938443152,1.68454862566571E-005,0.9999831545,0.000014043,0.999985957,7.73227778880947E-006,0.9999922677,7997031678526720
,49800,0.9999995545,0.0059836667,0.9940163247,1.66041079552103E-005,0.9999833959,1.38079474959939E-005,0.9999861921,7.58322113255302E-006,0.9999924168,7997247856843750
,49900,0.9999995587,0.0058170594,0.9941829323,0.000016367,0.999983633,1.35776681454713E-005,0.9999864223,7.4375700048604E-006,0.9999925624,7997457246659320
,50000,0.9999995628,0.0056556681,0.994344324,1.61341613095625E-005,0.9999838658,0.000013352,0.999986648,7.29523603451698E-006,0.9999927048,7997660081707780
,50100,0.9999995668,0.0054993125,0.9945006799,1.59054146818319E-005,0.9999840946,0.000013131,0.999986869,7.15613211907487E-006,0.9999928439,7997856588289380
,50200,0.9999995708,0.0053478203,0.9946521724,1.56807047936504E-005,0.9999843193,1.29143177045067E-005,0.9999870857,7.02017498018604E-006,0.9999929798,7998046983046850
,50300,0.9999995747,0.0052010245,0.9947989685,1.54599463060868E-005,0.9999845401,0.000012702,0.999987298,6.88728250205452E-006,0.9999931127,7998231475787920
,50400,0.9999995786,0.0050587653,0.9949412279,1.52430586574089E-005,0.9999847569,1.24939339983173E-005,0.9999875061,6.75737617768597E-006,0.9999932426,7998410267387770
,50500,0.9999995825,0.0049208879,0.9950791057,0.00001503,0.99998497,0.00001229,0.99998771,6.63037856473928E-006,0.9999933696,7998583552436240
,50600,0.9999995863,0.0047872443,0.9952127495,1.48205762997977E-005,0.9999851794,1.2090097680377E-005,0.9999879099,6.50621619938341E-006,0.9999934938,7998751516732310
,50700,0.99999959,0.0046576902,0.9953423039,1.4614825886804E-005,0.9999853852,1.1894146439272E-005,0.9999881059,6.38481486574119E-006,0.9999936152,7998914341887600
,50800,0.9999995937,0.0045320882,0.9954679061,1.44126373641212E-005,0.9999855874,1.17020526505928E-005,0.9999882979,6.26610530515005E-006,0.9999937339,7999072200254030
,50900,0.9999995974,0.0044103055,0.9955896891,1.42139379474709E-005,0.9999857861,1.15137280706678E-005,0.9999884863,0.00000615,0.99999385,7999225258926910
,51000,0.999999601,0.0042922139,0.9957077808,1.40186565504719E-005,0.9999859813,1.13290867374332E-005,0.9999886709,6.03648978616525E-006,0.9999939635,7999373678907770
,51100,0.9999996046,0.00417769,0.9958223049,1.3826723740507E-005,0.9999861733,0.000011148,0.999988852,5.92545277677923E-006,0.9999940745,7999517615341540
,51200,0.9999996081,0.0040666145,0.9959333807,1.36380705190639E-005,0.9999863619,1.09705200341617E-005,0.9999890295,5.81684481655853E-006,0.9999941832,7999657218183430
,51300,0.9999996116,0.0039588733,0.996041122,1.3452633006567E-005,0.9999865474,1.07964345343767E-005,0.9999892036,5.71060593552939E-006,0.9999942894,7999792630646790
,51400,0.999999615,0.0038543554,0.9961456402,1.32703441442934E-005,0.9999867297,1.0625709060414E-005,0.9999893743,5.60667587097842E-006,0.9999943933,7999923992501660
,51500,0.9999996184,0.0037529543,0.9962470414,1.30911418735016E-005,0.9999869089,1.04582690632796E-005,0.9999895417,0.000005505,0.999994495,8000051437212390
,51600,0.9999996218,0.0036545676,0.9963454283,0.000012915,0.999987085,0.000010294,0.999989706,5.40551487827629E-006,0.9999945945,8000175093874410
,51700,0.9999996251,0.003559096,0.9964409001,1.27417513829776E-005,0.9999872582,0.000010133,0.999989867,5.30817351842955E-006,0.9999946918,8000295086959740
,51800,0.9999996284,0.0034664441,0.9965335521,1.25714438004405E-005,0.9999874286,9.97493543623524E-006,0.9999900251,5.21292051595516E-006,0.9999947871,8000411536494220
,51900,0.9999996316,0.0033765197,0.9966234766,0.000012404,0.999987596,9.81991996535541E-006,0.9999901801,5.11970441588232E-006,0.9999948803,8000524558227730
,52000,0.9999996348,0.0032892344,0.9967107621,1.22393167100606E-005,0.9999877607,9.66784103349708E-006,0.9999903322,5.028475609277E-006,0.9999949715,8000634263449880
,52100,0.999999638,0.0032045018,0.9967954948,1.20773847470653E-005,0.9999879226,9.51863223404616E-006,0.9999904814,4.93918458539322E-006,0.9999950608,8000740760546700
,52200,0.9999996411,0.0031222396,0.9968777571,1.19181353498644E-005,0.9999880819,9.37223125388731E-006,0.9999906278,4.85178445981743E-006,0.9999951482,8000844153035870
,52300,0.9999996442,0.0030423683,0.9969576285,1.17615168909044E-005,0.9999882385,9.22857729426904E-006,0.9999907714,4.7662296099682E-006,0.9999952338,8000944540812660
,52400,0.9999996472,0.0029648107,0.9970351863,1.16074769264599E-005,0.9999883925,9.08760951552201E-006,0.9999909124,4.68247485738448E-006,0.9999953175,8001042020905060
,52500,0.9999996502,0.0028894923,0.9971105048,0.000011456,0.999988544,8.94926862190147E-006,0.9999910507,4.60047627570588E-006,0.9999953995,8001136686914660
,52600,0.9999996532,0.0028163422,0.997183655,1.13069324966917E-005,0.9999886931,8.81349973930972E-006,0.9999911865,4.52019265053433E-006,0.9999954798,8001228627976620
,52700,0.9999996562,0.0027452907,0.9972547066,1.11603317403258E-005,0.9999888397,8.68024565518442E-006,0.9999913198,4.44158198756552E-006,0.9999955584,8001317931608490
,52800,0.9999996591,0.0026762711,0.9973237263,1.10161149675326E-005,0.9999889839,8.54945204012521E-006,0.9999914505,4.36460418585796E-006,0.9999956354,8001404681686390
,52900,0.999999662,0.002609219,0.9973907785,1.08742362282086E-005,0.9999891258,8.42106589567651E-006,0.9999915789,4.28922022411179E-006,0.9999957108,8001488959177580
,53000,0.9999996648,0.0025440723,0.9974559253,1.07346514669208E-005,0.9999892653,0.000008295,0.999991705,4.21539247397825E-006,0.9999957846,8001570841987510
,53100,0.9999996676,0.0024807706,0.9975192271,1.05973149657651E-005,0.9999894027,8.17131113078455E-006,0.9999918287,4.14308328049618E-006,0.9999958569,8001650406117030
,53200,0.9999996704,0.0024192567,0.9975807411,1.04621871961154E-005,0.9999895378,8.04984413553902E-006,0.9999919502,4.07225802068391E-006,0.9999959277,8001727723430170
,53300,0.9999996732,0.0023594739,0.997640524,1.03292226445497E-005,0.9999896708,7.93058450432737E-006,0.9999920694,4.00288032100548E-006,0.9999959971,8001802865324670
,53400,0.9999996759,0.0023013681,0.9976986299,1.01983810594013E-005,0.9999898016,7.81348603991334E-006,0.9999921865,3.93491643659693E-006,0.9999960651,8001875899512290
,53500,0.9999996786,0.0022448873,0.9977551107,1.00696230328376E-005,0.9999899304,7.69850362835729E-006,0.9999923015,3.86833349853432E-006,0.9999961317,8001946891412750
,53600,0.9999996812,0.0021899812,0.9978100169,9.94290918026659E-006,0.9999900571,7.58559259991403E-006,0.9999924144,3.8030991825105E-006,0.9999961969,8002015904458300
,53700,0.9999996838,0.0021366007,0.9978633975,9.81820018258637E-006,0.9999901818,7.4747087549405E-006,0.9999925253,3.73918171464055E-006,0.9999962608,8002083000143880
,53800,0.9999996864,0.0020846989,0.9979152994,9.69545915598636E-006,0.9999903045,7.36581015778764E-006,0.9999926342,3.67655075968742E-006,0.9999963234,8002148237448070
,53900,0.999999689,0.0020342301,0.9979657682,9.57464845143537E-006,0.9999904254,7.25885468521915E-006,0.9999927411,3.61517618315424E-006,0.9999963848,8002211673782680
,54000,0.9999996916,0.0019851507,0.9980148477,9.45573352017268E-006,0.9999905443,7.1538029513645E-006,0.9999928462,0.000003555,0.999996445,8002273364016630
,54100,0.9999996941,0.0019374178,0.9980625806,9.33867752753312E-006,0.9999906613,7.05061421138833E-006,0.9999929494,3.49608183239272E-006,0.9999965039,8002333361979490
,54200,0.9999996965,0.0018909905,0.998109008,9.22344667793178E-006,0.9999907766,6.94925038616397E-006,0.9999930507,3.43830588838187E-006,0.9999965617,8002391719106120
,54300,0.999999699,0.001845829,0.9981541696,0.00000911,0.99999089,6.84967318666901E-006,0.9999931503,3.38167453996014E-006,0.9999966183,8002448485494720
,54400,0.9999997014,0.0018018951,0.9981981035,8.99832512743342E-006,0.9999910017,6.75184684423704E-006,0.9999932482,3.32616215744136E-006,0.9999966738,8002503709027740
,54500,0.9999997038,0.0017591514,0.9982408473,8.8883689450035E-006,0.9999911116,6.65573428897997E-006,0.9999933443,3.271742715422E-006,0.9999967283,8002557436718420
,54600,0.9999997062,0.0017175622,0.9982824365,8.78010688684357E-006,0.9999912199,6.56130090698158E-006,0.9999934387,3.21839163913794E-006,0.9999967816,8002609713491240
,54700,0.9999997086,0.0016770927,0.998322906,8.67350790837781E-006,0.9999913265,6.46851236274578E-006,0.9999935315,3.16608472224729E-006,0.9999968339,8002660582964600
,54800,0.9999997109,0.0016377093,0.9983622894,8.56854095111543E-006,0.9999914315,6.37733462209227E-006,0.9999936227,3.114798133275E-006,0.9999968852,8002710087481120
,54900,0.9999997132,0.00159938,0.9984006189,8.46517826638501E-006,0.9999915348,6.28773641674872E-006,0.9999937123,3.06450961202837E-006,0.9999969355,8002758267357360
,55000,0.9999997154,0.0015620727,0.9984379262,8.36338807355935E-006,0.9999916366,6.199683773097E-006,0.9999938003,3.01519579124406E-006,0.9999969848,8002805162687820
,55100,0.9999997177,0.0015257575,0.9984742414,8.26314382651194E-006,0.9999917369,6.11314689352763E-006,0.9999938869,2.96683554721286E-006,0.9999970332,8002850811177330
,55200,0.9999997199,0.0014904049,0.9985095941,8.16441694160321E-006,0.9999918356,6.02809474454739E-006,0.9999939719,2.91940735444504E-006,0.9999970806,8002895249912160
,55300,0.9999997221,0.0014559864,0.9985440126,8.06718007368273E-006,0.9999919328,5.94449748201923E-006,0.9999940555,2.87289046127792E-006,0.9999971271,8002938514623300
,55400,0.9999997243,0.0014224745,0.9985775245,7.97140644454286E-006,0.9999920286,5.86232594450135E-006,0.9999941377,2.82726463674932E-006,0.9999971727,8002980639884730
,55500,0.9999997264,0.0013898428,0.9986101563,7.87707043208807E-006,0.9999921229,5.7815520779588E-006,0.9999942184,2.78251036891367E-006,0.9999972175,8003021659020410
,55600,0.9999997286,0.0013580652,0.9986419339,7.78414513922894E-006,0.9999922159,5.70214714305646E-006,0.9999942979,2.73860799573975E-006,0.9999972614,8003061604680780
,55700,0.9999997307,0.001327117,0.9986728821,7.69260660702009E-006,0.9999923074,5.62408480115174E-006,0.9999943759,2.69553918510468E-006,0.9999973045,8003100507942170
,55800,0.9999997328,0.0012969739,0.9987030252,7.60242959432237E-006,0.9999923976,5.547338010469E-006,0.9999944527,2.65328543591937E-006,0.9999973467,8003138399274250
,55900,0.9999997348,0.0012676127,0.9987323865,7.51358996655632E-006,0.9999924864,5.47188077168388E-006,0.9999945281,2.61182891247297E-006,0.9999973882,8003175308044290
,56000,0.9999997369,0.0012390106,0.9987609886,7.42606408171724E-006,0.9999925739,5.39768767066963E-006,0.9999946023,2.57115221923337E-006,0.9999974288,8003211262684200
,56100,0.9999997389,0.0012111459,0.9987888534,7.33982933139134E-006,0.9999926602,5.32473426448298E-006,0.9999946753,2.53123857928481E-006,0.9999974688,8003246290608320
,56200,0.9999997409,0.0011839972,0.9988160021,7.25486245706208E-006,0.9999927451,0.000005253,0.999994747,2.49207124432111E-006,0.9999975079,8003280418593730
,56300,0.9999997428,0.0011575441,0.9988424552,7.17114176489917E-006,0.9999928289,5.18244907664654E-006,0.9999948176,2.45363425240924E-006,0.9999975464,8003313672346130
,56400,0.9999997448,0.0011317665,0.9988682328,7.08864439222698E-006,0.9999929114,5.11306994010031E-006,0.9999948869,2.4159114814727E-006,0.9999975841,8003346077087330
,56500,0.9999997467,0.0011066455,0.9988933539,7.00735058420264E-006,0.9999929926,5.04483688751017E-006,0.9999949552,2.3788881047724E-006,0.9999976211,8003377656714550
,56600,0.9999997486,0.001082162,0.9989178374,6.92723783977859E-006,0.9999930728,4.97772657655555E-006,0.9999950223,2.34254858656118E-006,0.9999976575,8003408435003340
,56700,0.9999997505,0.0010582982,0.9989417012,6.84828670094913E-006,0.9999931517,4.91171804584442E-006,0.9999950883,2.30687864640372E-006,0.9999976931,8003438434473240
,56800,0.9999997524,0.0010350365,0.9989649629,6.77047706178687E-006,0.9999932295,4.84679004953031E-006,0.9999951532,2.27186399686109E-006,0.9999977281,8003467677147650
,56900,0.9999997543,0.0010123599,0.9989876395,6.69378872441696E-006,0.9999933062,4.78292145655173E-006,0.9999952171,2.23749052987892E-006,0.9999977625,8003496184459200
,57000,0.9999997561,0.000990252,0.9990097474,6.61820239681785E-006,0.9999933818,4.72009196050208E-006,0.9999952799,2.20374464600007E-006,0.9999977963,8003523977078530
,57100,0.9999997579,0.0009686969,0.9990313025,6.54370012875642E-006,0.9999934563,4.65828238161172E-006,0.9999953417,2.17061338964145E-006,0.9999978294,8003551074859070
,57200,0.9999997597,0.0009476791,0.9990523204,6.47026239946022E-006,0.9999935297,4.59747258628606E-006,0.9999954025,2.13808347483189E-006,0.9999978619,8003577497402410
,57300,0.9999997615,0.0009271835,0.999072816,6.39787104020985E-006,0.9999936021,4.53764356811945E-006,0.9999954624,2.10614225393412E-006,0.9999978939,8003603263526010
,57400,0.9999997633,0.0009071958,0.9990928037,6.32650915994628E-006,0.9999936735,4.47877738421624E-006,0.9999955212,2.07477768152759E-006,0.9999979252,8003628391304730
,57500,0.999999765,0.0008877018,0.9991122978,6.25615789841607E-006,0.9999937438,4.42085485047014E-006,0.9999955791,0.000002044,0.999997956,8003652898676410
,57600,0.9999997667,0.0008686879,0.9991313117,6.18680149798917E-006,0.9999938132,4.36385912973654E-006,0.9999956361,2.01372961246901E-006,0.9999979863,8003676802542010
,57700,0.9999997684,0.0008501408,0.9991498587,6.11842225465203E-006,0.9999938816,4.30777215502101E-006,0.9999956922,0.000001984,0.999998016,8003700119689740
,57800,0.9999997701,0.0008320478,0.9991679518,0.000006051,0.999993949,4.25257719041702E-006,0.9999957474,1.95484631707122E-006,0.9999980452,8003722866162750
,57900,0.9999997718,0.0008143964,0.9991856032,5.98453144934505E-006,0.9999940155,4.19825784605925E-006,0.9999958017,1.92618874319249E-006,0.9999980738,8003745057523930
,58000,0.9999997735,0.0007971744,0.9992028251,0.000005919,0.999994081,4.14479688340455E-006,0.9999958552,0.000001898,0.999998102,8003766709158510
,58100,0.9999997751,0.0007803704,0.9992196292,5.85435664920721E-006,0.9999941456,4.0921792198541E-006,0.9999959078,1.87038749858296E-006,0.9999981296,8003787835554610
,58200,0.9999997767,0.0007639728,0.9992360269,5.79062422355931E-006,0.9999942094,4.04038861956714E-006,0.9999959596,1.84322329754853E-006,0.9999981568,8003808451121440
,58300,0.9999997783,0.0007479706,0.999252029,5.72777564403573E-006,0.9999942722,3.98941034729815E-006,0.9999960106,1.81653683463683E-006,0.9999981835,8003828569561030
,58400,0.9999997799,0.0007323533,0.9992676464,5.66579543665257E-006,0.9999943342,3.9392288404767E-006,0.9999960608,1.7903181014695E-006,0.9999982097,8003848204436150
,58500,0.9999997815,0.0007171104,0.9992828893,5.60467003584812E-006,0.9999943953,3.88982998638574E-006,0.9999961102,1.76455783095214E-006,0.9999982354,8003867368642690
,58600,0.9999997831,0.0007022318,0.9992977679,5.54438454486022E-006,0.9999944556,3.84119886444016E-006,0.9999961588,1.73924646778791E-006,0.9999982608,8003886074950940
,58700,0.9999997846,0.0006877078,0.9993122919,5.48492553457323E-006,0.9999945151,3.79332168850973E-006,0.9999962067,1.71437504870311E-006,0.9999982856,8003904335562870
,58800,0.9999997861,0.0006735289,0.9993264708,5.42627981799004E-006,0.9999945737,3.74618495043523E-006,0.9999962538,1.68993481030782E-006,0.9999983101,8003922162324160
,58900,0.9999997876,0.000659686,0.9993403137,5.36843331881474E-006,0.9999946316,3.69977463743052E-006,0.9999963002,1.66591683459617E-006,0.9999983341,8003939566909570
,59000,0.9999997891,0.0006461701,0.9993538296,5.31137373495256E-006,0.9999946886,3.65407806847464E-006,0.9999963459,1.64231287546853E-006,0.9999983577,8003956560416930
,59100,0.9999997906,0.0006329725,0.9993670272,5.25508787422706E-006,0.9999947449,3.6090820525522E-006,0.9999963909,1.61911452604783E-006,0.9999983809,8003973153792470
,59200,0.9999997921,0.0006200849,0.9993799148,5.19956280526483E-006,0.9999948004,3.56477368170962E-006,0.9999964352,1.59631357503618E-006,0.9999984037,8003989357659200
,59300,0.9999997936,0.0006074991,0.9993925007,5.14478692036751E-006,0.9999948552,3.52114105565322E-006,0.9999964789,1.57390232856992E-006,0.9999984261,8004005182168640
,59400,0.999999795,0.0005952071,0.9994047926,5.09074810217807E-006,0.9999949093,3.47817202010349E-006,0.9999965218,1.55187304236338E-006,0.9999984481,8004020637287440
,59500,0.9999997964,0.0005832013,0.9994167985,5.03743376584546E-006,0.9999949626,3.4358541973643E-006,0.9999965641,1.53021793555182E-006,0.9999984698,8004035732794500
,59600,0.9999997978,0.0005714741,0.9994285256,4.98483295457734E-006,0.9999950152,3.39417641472481E-006,0.9999966058,1.50892982581062E-006,0.9999984911,8004050477982280
,59700,0.9999997992,0.0005600184,0.9994399814,4.93293387809695E-006,0.9999950671,3.35312702062127E-006,0.9999966469,0.000001488,0.999998512,8004064882026440
,59800,0.9999998006,0.000548827,0.9994511728,4.88172530995385E-006,0.9999951183,3.3126948365596E-006,0.9999966873,1.46742551959611E-006,0.9999985326,8004078953788660
,59900,0.999999802,0.0005378931,0.9994621066,4.83119623145401E-006,0.9999951688,3.27286891155121E-006,0.9999967271,1.4471953443235E-006,0.9999985528,8004092701876620
,60000,0.9999998034,0.0005272102,0.9994727896,4.78133647794253E-006,0.9999952187,3.23363895694619E-006,0.9999967664,1.42730428765301E-006,0.9999985727,8004106134561640
